0.000000 1.736134 0.898530 -0.184911 1.605573 -0.001362 -0.235158 -0.909890 0.217927 -0.109814
0.067095 1.682383 0.918705 -0.184293 1.608370 -0.001301 -0.233697 -1.056503 0.201675 -0.100134
0.133299 1.601255 0.932787 -0.187273 1.609293 -0.001080 -0.234678 -1.219539 0.186007 -0.090759
0.200309 1.514323 0.945658 -0.189564 1.609862 0.000170 -0.227385 -1.373624 0.171431 -0.077699
0.266614 1.430250 0.954053 -0.176837 1.609515 0.003424 -0.220408 -1.514689 0.169218 -0.063216
0.333286 1.310218 0.963986 -0.179496 1.609305 0.005260 -0.215181 -1.664712 0.156095 -0.045079
0.399920 1.203919 0.990517 -0.180349 1.609223 0.006225 -0.207507 -1.803206 0.143818 -0.044247
0.467195 1.094308 0.998159 -0.185534 1.611735 0.007305 -0.183843 -1.908473 0.134201 -0.048373
0.533265 0.961779 1.012698 -0.189184 1.614103 0.008596 -0.109499 -2.008325 0.123582 -0.037388
0.600298 0.823001 1.026773 -0.183433 1.616192 0.006985 -0.038073 -2.014890 0.122476 -0.026370
0.666642 0.705473 1.040532 -0.179271 1.620031 0.008445 -0.014974 -2.010630 0.123292 -0.018525
0.733739 0.569490 1.056921 -0.175887 1.621991 0.012655 0.001830 -2.000910 0.130106 -0.018797
0.799959 0.434329 1.072132 -0.175747 1.622350 0.016546 0.040667 -1.984263 0.127920 -0.026981
0.866698 0.320003 1.082923 -0.175369 1.624550 0.017489 0.097072 -1.931832 0.131211 -0.034259
0.933305 0.188086 1.093278 -0.176236 1.625147 0.015493 0.149124 -1.833530 0.141462 -0.050150
0.999992 0.061881 1.102868 -0.181256 1.624387 0.014068 0.163299 -1.729524 0.136587 -0.074273
1.066757 -0.034417 1.111716 -0.185714 1.625492 0.015028 0.164049 -1.627354 0.140502 -0.101888
1.133748 -0.140756 1.121024 -0.194027 1.625113 0.015047 0.164299 -1.494967 0.140718 -0.117074
1.200143 -0.236438 1.133368 -0.200358 1.624477 0.014808 0.161218 -1.366992 0.146382 -0.127061
1.266780 -0.313887 1.141469 -0.208593 1.623239 0.013614 0.164243 -1.265692 0.148414 -0.133892
1.333444 -0.393354 1.154012 -0.215809 1.621072 0.013198 0.167768 -1.136864 0.158143 -0.129802
1.400106 -0.466050 1.164765 -0.224574 1.617731 0.012007 0.172004 -1.004499 0.164064 -0.133168
1.466781 -0.519161 1.178096 -0.230742 1.616703 0.012543 0.173245 -0.891616 0.175802 -0.128818
1.533537 -0.575044 1.189421 -0.240775 1.614311 0.011967 0.173698 -0.755652 0.172597 -0.129376
1.600190 -0.618381 1.203540 -0.248890 1.612347 0.012272 0.174769 -0.624400 0.178719 -0.121329
1.666855 -0.643422 1.219042 -0.254987 1.611026 0.013375 0.175629 -0.511255 0.190432 -0.108226
1.733588 -0.672032 1.232496 -0.262850 1.608643 0.013780 0.176690 -0.385691 0.193060 -0.103474
1.800267 -0.689240 1.246386 -0.270113 1.606971 0.013252 0.176286 -0.255989 0.194073 -0.090521
1.866990 -0.694956 1.259664 -0.275075 1.605849 0.013342 0.176614 -0.143717 0.196219 -0.086031
1.933662 -0.688787 1.274860 -0.280711 1.604889 0.013765 0.176863 -0.015157 0.202519 -0.072811
2.000322 -0.682106 1.287320 -0.285946 1.603682 0.013610 0.176314 0.111065 0.203774 -0.059457
2.067066 -0.666425 1.301034 -0.288762 1.602391 0.013723 0.173571 0.224645 0.211220 -0.046652
2.133722 -0.641084 1.317437 -0.292682 1.601036 0.013990 0.171934 0.348974 0.214606 -0.035388
2.200835 -0.611715 1.333239 -0.296805 1.599697 0.013963 0.170047 0.464846 0.216762 -0.024255
2.267105 -0.578259 1.345973 -0.299057 1.598051 0.013624 0.166631 0.558873 0.219034 -0.015439
2.333780 -0.532397 1.360315 -0.301810 1.596204 0.013878 0.158956 0.661966 0.215818 -0.014752
2.400488 -0.482952 1.376588 -0.304596 1.593743 0.014814 0.150433 0.755271 0.218020 -0.015192
2.468033 -0.428780 1.392312 -0.308678 1.590884 0.015794 0.144641 0.848880 0.220363 -0.019029
2.533936 -0.365499 1.401330 -0.315665 1.586921 0.016077 0.139752 0.924671 0.218196 -0.027903
2.600897 -0.298402 1.415021 -0.319631 1.583505 0.017605 0.135985 1.006510 0.218906 -0.032353
2.667427 -0.233500 1.424884 -0.323688 1.579227 0.018834 0.134107 1.084275 0.212099 -0.027675
2.733965 -0.148998 1.437378 -0.328837 1.574327 0.019965 0.132803 1.160407 0.217833 -0.020341
2.800627 -0.070176 1.449950 -0.333063 1.569343 0.021168 0.134941 1.241778 0.220968 -0.015745
2.867946 0.013919 1.462144 -0.337893 1.564207 0.021154 0.136400 1.318834 0.224275 -0.011522
2.933992 0.100365 1.470453 -0.345304 1.558778 0.020110 0.135225 1.385914 0.220350 -0.020599
3.000672 0.200298 1.483985 -0.349468 1.553543 0.019876 0.123800 1.459437 0.215826 -0.028205
3.067420 0.294317 1.493238 -0.357937 1.548292 0.019425 0.099307 1.518452 0.209427 -0.027742
3.134081 0.402554 1.504816 -0.363580 1.544563 0.020391 0.065827 1.552583 0.202272 -0.029633
3.200799 0.514375 1.514275 -0.372053 1.542178 0.021502 0.030701 1.566896 0.193554 -0.028675
3.267453 0.611280 1.524714 -0.374852 1.539404 0.023021 0.011023 1.567748 0.191467 -0.023595
3.334142 0.722012 1.536923 -0.380182 1.537946 0.022637 -0.001326 1.553014 0.188590 -0.029181
3.400842 0.830019 1.548831 -0.383007 1.537535 0.020779 -0.008557 1.536706 0.192239 -0.034292
3.467504 0.923495 1.557088 -0.390566 1.534946 0.018190 -0.014018 1.507297 0.184075 -0.042624
3.534170 1.028482 1.568463 -0.395444 1.533997 0.017217 -0.016113 1.483153 0.179073 -0.055711
3.600851 1.129624 1.578786 -0.402083 1.533326 0.014335 -0.027438 1.431455 0.175852 -0.073222
3.667520 1.212293 1.589678 -0.405196 1.531844 0.010880 -0.066952 1.401668 0.176757 -0.088608
3.734243 1.311767 1.600394 -0.411152 1.531444 0.001559 -0.170958 1.323755 0.165811 -0.096503
3.800814 1.401250 1.609369 -0.418612 1.532593 -0.010158 -0.273171 1.147076 0.155132 -0.098075
3.867393 1.469920 1.618555 -0.424949 1.533033 -0.018324 -0.323293 0.951338 0.143530 -0.112726
3.934087 1.527756 1.629979 -0.432409 1.533706 -0.026678 -0.347207 0.713932 0.126300 -0.127583
4.000730 1.573937 1.630562 -0.447415 1.534441 -0.033821 -0.364688 0.456181 0.090585 -0.151642
4.067560 1.594060 1.635523 -0.457135 1.532947 -0.036895 -0.371282 0.226844 0.067012 -0.161442
4.133956 1.602805 1.635877 -0.469436 1.531664 -0.040838 -0.370629 -0.037502 0.034029 -0.163057
4.200526 1.594445 1.631180 -0.483385 1.529806 -0.044394 -0.367088 -0.302859 -0.006538 -0.151286
4.267428 1.571777 1.617680 -0.496474 1.527310 -0.045576 -0.361167 -0.533859 -0.050265 -0.150510
4.333862 1.529717 1.608313 -0.512039 1.523571 -0.044219 -0.350141 -0.787810 -0.094216 -0.147759
4.400496 1.471722 1.600653 -0.523427 1.518975 -0.037063 -0.319527 -1.027820 -0.122896 -0.137607
4.467340 1.421849 1.593496 -0.535919 1.514651 -0.025090 -0.239656 -1.175391 -0.143596 -0.114283
4.533737 1.351667 1.574509 -0.546697 1.514317 -0.017008 -0.125356 -1.226596 -0.176218 -0.069815
4.600393 1.261099 1.558609 -0.550415 1.511895 -0.010985 -0.058171 -1.293698 -0.194062 -0.045938
4.667344 1.186044 1.544632 -0.545175 1.512549 -0.005963 -0.017826 -1.277540 -0.204542 -0.025264
4.733731 1.083409 1.531753 -0.541033 1.509304 -0.001811 -0.004340 -1.303402 -0.217570 -0.020031
4.800387 0.997878 1.515527 -0.533816 1.508995 0.001364 0.008387 -1.275674 -0.223119 -0.009407
4.867236 0.922035 1.502959 -0.532473 1.509258 0.001583 0.016298 -1.244180 -0.228049 -0.008386
4.933735 0.844516 1.487239 -0.526010 1.509995 0.002148 0.019721 -1.197471 -0.223255 -0.012689
5.000389 0.764796 1.473023 -0.524298 1.509913 0.000483 0.021146 -1.157719 -0.225839 -0.016000
5.067323 0.704981 1.461503 -0.514589 1.511912 -0.004770 0.019339 -1.123689 -0.220542 -0.000664
5.133730 0.630721 1.446189 -0.508852 1.512252 -0.025278 0.020128 -1.084683 -0.233267 0.005427
5.200430 0.567223 1.432285 -0.500489 1.513558 -0.052008 0.021914 -1.050952 -0.260519 0.014936
5.267293 0.504517 1.415642 -0.498014 1.514793 -0.073190 0.025825 -1.026259 -0.302933 0.012980
5.333761 0.433925 1.392217 -0.497495 1.515635 -0.092089 0.029448 -0.991129 -0.363831 0.009270
5.400409 0.374491 1.366354 -0.494992 1.517172 -0.104964 0.032795 -0.946379 -0.437555 -0.010530
5.467327 0.319736 1.337141 -0.496445 1.518558 -0.115120 0.038973 -0.915108 -0.510390 -0.020542
5.533721 0.258981 1.298278 -0.498159 1.518868 -0.125541 0.047665 -0.868066 -0.607449 -0.031416
5.600385 0.207251 1.254235 -0.498955 1.519312 -0.129185 0.053242 -0.806950 -0.705145 -0.042029
5.667457 0.158582 1.207693 -0.505303 1.518992 -0.127430 0.053203 -0.771340 -0.794289 -0.057075
5.733691 0.106863 1.148875 -0.510599 1.517590 -0.124024 0.053276 -0.720686 -0.884810 -0.077782
5.800351 0.061860 1.086705 -0.513020 1.516030 -0.120214 0.053310 -0.664057 -0.969064 -0.083607
5.867287 0.030658 1.026986 -0.516719 1.514624 -0.116037 0.051709 -0.613383 -1.046702 -0.077871
5.933668 -0.011227 0.949859 -0.522294 1.511504 -0.112479 0.049946 -0.564099 -1.127674 -0.076814
6.000323 -0.046845 0.869903 -0.525181 1.507957 -0.109498 0.049909 -0.512696 -1.201183 -0.071795
6.067068 -0.067747 0.796897 -0.526459 1.504989 -0.108519 0.050084 -0.468809 -1.262498 -0.053748
6.133644 -0.100020 0.704701 -0.529464 1.500054 -0.109078 0.051247 -0.425996 -1.338942 -0.046005
6.200273 -0.128080 0.609890 -0.531761 1.495449 -0.107163 0.050013 -0.375322 -1.412021 -0.036878
6.267189 -0.143455 0.524606 -0.533993 1.491518 -0.099091 0.047018 -0.321387 -1.469229 -0.035569
6.333591 -0.166558 0.417658 -0.539925 1.486745 -0.083418 0.039530 -0.280458 -1.529308 -0.039428
6.400252 -0.185673 0.310577 -0.544618 1.482823 -0.058693 0.034070 -0.241344 -1.575172 -0.054319
6.467211 -0.194697 0.217913 -0.546157 1.479225 -0.033103 0.025674 -0.211057 -1.594735 -0.050857
6.533616 -0.210787 0.104384 -0.552951 1.474818 -0.004620 0.013143 -0.189251 -1.607589 -0.051450
6.600263 -0.224399 -0.005812 -0.558761 1.470483 0.037728 0.004806 -0.173795 -1.589135 -0.059355
6.667286 -0.241193 -0.096190 -0.561855 1.464919 0.082644 -0.002400 -0.164465 -1.547654 -0.063490
6.733662 -0.252692 -0.202141 -0.566533 1.460838 0.129693 -0.006998 -0.152478 -1.462681 -0.063210
6.800331 -0.261939 -0.299533 -0.569417 1.457777 0.178122 -0.009086 -0.138625 -1.345667 -0.059210
6.867158 -0.279274 -0.373470 -0.569929 1.454596 0.226383 -0.009792 -0.133999 -1.209718 -0.064130
6.933754 -0.289669 -0.451174 -0.570138 1.453217 0.261453 -0.010645 -0.108927 -1.027738 -0.051664
7.000393 -0.297248 -0.517591 -0.567955 1.453417 0.275337 -0.011583 -0.079618 -0.837619 -0.038686
7.067235 -0.301491 -0.563671 -0.567559 1.454113 0.281541 -0.011427 -0.053643 -0.667648 -0.034822
7.133654 -0.304292 -0.602895 -0.567087 1.455584 0.282632 -0.011420 -0.028028 -0.460456 -0.028254
7.200277 -0.305735 -0.630466 -0.568938 1.457507 0.278744 -0.010666 0.007016 -0.258541 -0.023779
7.267545 -0.304330 -0.640400 -0.568680 1.459449 0.275031 -0.009336 0.029667 -0.089795 -0.013991
7.333647 -0.301305 -0.639813 -0.568213 1.461604 0.269362 -0.008580 0.054776 0.105234 -0.001114
7.400592 -0.296807 -0.626927 -0.568046 1.463596 0.263165 -0.008271 0.081281 0.289755 0.004786
7.467232 -0.291436 -0.600157 -0.564806 1.465094 0.257613 -0.008178 0.104414 0.446271 0.012629
7.533562 -0.281134 -0.565938 -0.565131 1.467053 0.251273 -0.008186 0.129839 0.616481 0.022247
7.600210 -0.272742 -0.521897 -0.564981 1.468380 0.243333 -0.008950 0.153403 0.780800 0.028498
7.667193 -0.268717 -0.478871 -0.565143 1.468544 0.233034 -0.010005 0.165823 0.909144 0.036758
7.733595 -0.253101 -0.401182 -0.560461 1.468813 0.223776 -0.010879 0.186567 1.063114 0.043219
7.800622 -0.245219 -0.337172 -0.564687 1.468196 0.215385 -0.012111 0.203406 1.192456 0.046969
7.867195 -0.231214 -0.266441 -0.562947 1.467916 0.208854 -0.012098 0.218856 1.303101 0.048533
7.933530 -0.214909 -0.172274 -0.560309 1.466759 0.200746 -0.011571 0.231059 1.420803 0.055442
8.000212 -0.194412 -0.080068 -0.562729 1.466719 0.189267 -0.007320 0.261359 1.522695 0.057314
8.067348 -0.179408 0.014315 -0.560156 1.465322 0.179657 -0.003952 0.269272 1.614062 0.059145
8.133595 -0.161129 0.130324 -0.556749 1.463824 0.169711 -0.000980 0.292219 1.705227 0.067454
8.200642 -0.148569 0.248112 -0.552391 1.461896 0.157222 0.000836 0.311125 1.785205 0.066167
8.267017 -0.131324 0.357895 -0.540887 1.461956 0.134794 0.002424 0.323432 1.852022 0.078994
8.333665 -0.110273 0.490459 -0.527706 1.462812 0.085880 0.004079 0.343050 1.900676 0.092668
8.400347 -0.089051 0.616543 -0.532559 1.464076 0.032826 0.005379 0.347304 1.893306 0.084632
8.467543 -0.069407 0.726472 -0.534977 1.466049 0.002787 0.005199 0.352041 1.868041 0.072813
8.533742 -0.046405 0.851500 -0.539194 1.468619 -0.018755 0.002656 0.359060 1.821008 0.056676
8.600403 -0.022981 0.970236 -0.543848 1.471248 -0.030597 -0.001877 0.351663 1.750554 0.045074
8.667056 -0.001146 1.071624 -0.546548 1.473590 -0.034770 -0.005850 0.351297 1.689875 0.035189
8.733742 0.025053 1.185467 -0.548671 1.474251 -0.037272 -0.008668 0.351633 1.624441 0.029214
8.800409 0.048340 1.295274 -0.552880 1.473545 -0.037499 -0.011191 0.337888 1.560442 0.014902
8.867104 0.071959 1.389994 -0.552941 1.472938 -0.036422 -0.011611 0.334185 1.515299 0.000516
8.933785 0.100966 1.495069 -0.545410 1.472342 -0.037636 -0.010408 0.338474 1.465347 -0.003243
9.000421 0.128158 1.597303 -0.541576 1.470930 -0.052377 -0.009607 0.338624 1.409561 -0.002560
9.067196 0.153041 1.684732 -0.535173 1.469966 -0.073873 -0.009670 0.343497 1.353858 0.002380
9.133835 0.176451 1.773691 -0.534870 1.468472 -0.100428 -0.010209 0.338699 1.258700 -0.013806
9.200438 0.197327 1.856864 -0.538001 1.466634 -0.125427 -0.012021 0.325582 1.155603 -0.023973
9.267124 0.217178 1.924695 -0.538226 1.465106 -0.147969 -0.012925 0.315197 1.056330 -0.028272
9.333810 0.236747 1.991708 -0.541436 1.462740 -0.168727 -0.012602 0.297789 0.919530 -0.029867
9.400440 0.254788 2.047591 -0.549057 1.460366 -0.179410 -0.012448 0.280674 0.767559 -0.036208
9.467098 0.271581 2.091810 -0.549241 1.458532 -0.185036 -0.012865 0.264573 0.640723 -0.030183
9.533698 0.292084 2.131574 -0.548298 1.456791 -0.190649 -0.012270 0.248673 0.485425 -0.024811
9.600420 0.307892 2.160862 -0.549105 1.454546 -0.195889 -0.012163 0.230401 0.329602 -0.023077
9.667183 0.322398 2.179403 -0.549438 1.452312 -0.196379 -0.011898 0.215164 0.203199 -0.026880
9.733707 0.337108 2.189277 -0.552277 1.450010 -0.191081 -0.011527 0.197229 0.052571 -0.035328
9.800379 0.354144 2.188289 -0.552478 1.448940 -0.181434 -0.010246 0.180067 -0.082318 -0.038286
9.867023 0.364107 2.180943 -0.553221 1.446628 -0.173361 -0.008872 0.167132 -0.199977 -0.030203
9.933720 0.374887 2.163559 -0.553666 1.444191 -0.164718 -0.008085 0.149516 -0.332719 -0.024067
10.000347 0.384495 2.138433 -0.553541 1.441391 -0.155348 -0.007213 0.136030 -0.459013 -0.023254
10.067464 0.393382 2.107456 -0.554843 1.438815 -0.148747 -0.006738 0.130370 -0.559662 -0.022116
10.133662 0.403813 2.064338 -0.556100 1.436453 -0.144135 -0.006507 0.116755 -0.673717 -0.019205
10.200691 0.412668 2.017494 -0.555131 1.433477 -0.141730 -0.006522 0.107170 -0.777167 -0.014740
10.267136 0.420061 1.968078 -0.554701 1.430125 -0.142078 -0.006512 0.099094 -0.871542 -0.012431
10.333685 0.432968 1.904662 -0.554403 1.427814 -0.143630 -0.007980 0.094170 -0.973876 -0.010917
10.400284 0.439798 1.837982 -0.553330 1.424568 -0.144393 -0.009533 0.089771 -1.070632 -0.012527
10.467382 0.445862 1.772248 -0.553601 1.421906 -0.145594 -0.011170 0.076270 -1.155509 -0.009032
10.533580 0.453645 1.689206 -0.553238 1.420373 -0.147012 -0.012849 0.060436 -1.253941 -0.003844
10.600628 0.456502 1.600817 -0.551962 1.418913 -0.148598 -0.012483 0.044014 -1.349451 0.000847
10.667105 0.458131 1.515305 -0.553144 1.418087 -0.149948 -0.010133 0.026976 -1.436531 -0.004025
10.733911 0.460013 1.413221 -0.551869 1.418515 -0.148674 -0.006333 0.006142 -1.529588 0.004571
10.800259 0.458115 1.304141 -0.551543 1.418121 -0.145462 -0.002516 -0.010007 -1.627170 0.003582
10.867341 0.456698 1.201587 -0.553309 1.417622 -0.143270 -0.000363 -0.015093 -1.714901 0.002175
10.933514 0.456586 1.080753 -0.550837 1.417852 -0.141087 0.000254 -0.018600 -1.804190 0.005655
11.000222 0.454909 0.951482 -0.550169 1.417157 -0.140145 0.001058 -0.022470 -1.899905 0.003839
11.066867 0.454521 0.837234 -0.548708 1.415815 -0.139424 0.001826 -0.024934 -1.977653 0.004579
11.133855 0.451630 0.694548 -0.550539 1.414129 -0.132457 0.002594 -0.028305 -2.062042 0.004484
11.200082 0.451687 0.551381 -0.549367 1.411886 -0.111504 0.003773 -0.024065 -2.130638 -0.001522
11.266768 0.450287 0.419596 -0.554129 1.408861 -0.080668 0.003750 -0.026312 -2.180193 -0.017148
11.333429 0.449356 0.271447 -0.549271 1.405690 -0.050812 0.002289 -0.021426 -2.195466 -0.014187
11.400429 0.447989 0.118942 -0.549641 1.401930 -0.023672 0.001526 -0.014009 -2.211072 -0.018761
11.466741 0.448508 -0.009398 -0.547268 1.397175 0.010754 -0.001715 -0.005867 -2.188193 -0.026806
11.533443 0.447697 -0.162924 -0.550232 1.393173 0.049036 -0.006002 0.003745 -2.153999 -0.026257
11.600141 0.449505 -0.308406 -0.547872 1.390020 0.086527 -0.009766 0.016470 -2.082892 -0.020884
11.666831 0.451361 -0.431921 -0.549580 1.387420 0.117375 -0.011698 0.027008 -2.013185 -0.022489
11.733496 0.454579 -0.568655 -0.550095 1.385588 0.151067 -0.013675 0.047348 -1.900393 -0.024274
11.800557 0.460362 -0.694594 -0.548092 1.384743 0.181120 -0.014711 0.068239 -1.768776 -0.026019
11.866940 0.464112 -0.796854 -0.548362 1.383832 0.204693 -0.014969 0.075909 -1.644534 -0.027130
11.933898 0.469289 -0.906328 -0.547989 1.383610 0.222019 -0.017017 0.087290 -1.479116 -0.018724
12.000190 0.476072 -1.001748 -0.545521 1.383702 0.234813 -0.019478 0.121159 -1.305051 -0.009438
12.067437 0.487076 -1.076936 -0.545917 1.384166 0.244650 -0.021173 0.143962 -1.155377 -0.020506
12.133530 0.497498 -1.151490 -0.545737 1.385281 0.251341 -0.022555 0.159050 -0.970328 -0.018363
12.200562 0.510215 -1.211708 -0.544085 1.387313 0.253366 -0.022508 0.181229 -0.783855 -0.004325
12.266863 0.523803 -1.253554 -0.541476 1.389402 0.250092 -0.021540 0.211780 -0.628936 -0.002060
12.333493 0.540560 -1.290288 -0.537701 1.392260 0.238987 -0.020425 0.226518 -0.454765 0.001568
12.400170 0.562499 -1.316641 -0.536792 1.395782 0.226240 -0.020698 0.252610 -0.290006 0.017893
12.466823 0.579465 -1.326683 -0.533073 1.398232 0.216630 -0.022854 0.270967 -0.150716 0.027336
12.533479 0.600279 -1.330433 -0.528368 1.400980 0.202436 -0.029197 0.288385 -0.000112 0.036856
12.600170 0.621101 -1.328782 -0.526192 1.403406 0.186666 -0.039454 0.288400 0.130948 0.048668
12.666857 0.638905 -1.317584 -0.520365 1.405395 0.167926 -0.054513 0.284456 0.236721 0.059911
12.733504 0.660877 -1.304841 -0.520498 1.407723 0.147678 -0.071708 0.269391 0.340575 0.062813
12.800195 0.683998 -1.290295 -0.524277 1.410485 0.130718 -0.081172 0.256870 0.427433 0.067949
12.866928 0.700726 -1.265436 -0.523584 1.413018 0.117583 -0.087589 0.236690 0.495751 0.067822
12.933529 0.720387 -1.238229 -0.527849 1.415573 0.110499 -0.086981 0.206573 0.563431 0.069890
13.000265 0.733069 -1.204202 -0.531726 1.417216 0.112610 -0.076475 0.178630 0.641324 0.064458
13.067086 0.739846 -1.167614 -0.534156 1.418603 0.119587 -0.062814 0.155814 0.701628 0.059770
13.133651 0.747543 -1.121008 -0.533236 1.419882 0.129358 -0.051038 0.135068 0.773874 0.057866
13.200372 0.750545 -1.072290 -0.529221 1.420678 0.135197 -0.045926 0.099513 0.838220 0.064492
13.267489 0.753589 -1.022913 -0.520793 1.421897 0.136984 -0.044288 0.086850 0.904317 0.062781
13.333660 0.758021 -0.956502 -0.518224 1.422369 0.137859 -0.042589 0.071367 0.986851 0.061477
13.400746 0.762919 -0.890401 -0.517596 1.423088 0.138564 -0.039574 0.061814 1.055248 0.062212
13.467094 0.764588 -0.827540 -0.513744 1.423904 0.139647 -0.036248 0.052962 1.116087 0.067421
13.534163 0.770966 -0.748580 -0.508276 1.425112 0.140963 -0.032660 0.052197 1.191852 0.077339
13.600426 0.775054 -0.665261 -0.504440 1.426636 0.140592 -0.028969 0.057388 1.266594 0.075257
13.667105 0.780776 -0.586543 -0.497768 1.429823 0.139975 -0.027010 0.061974 1.334228 0.077014
13.733794 0.787431 -0.493832 -0.492939 1.433604 0.139409 -0.026198 0.062849 1.404680 0.088010
13.800853 0.792729 -0.396986 -0.486447 1.437704 0.138609 -0.025424 0.064523 1.471048 0.093280
13.867225 0.799211 -0.306412 -0.478732 1.442913 0.138292 -0.024955 0.068956 1.530628 0.092206
13.934212 0.808374 -0.200908 -0.472741 1.449382 0.137581 -0.025904 0.077949 1.598653 0.094167
14.000553 0.814520 -0.089102 -0.466559 1.455328 0.137434 -0.026955 0.082974 1.665932 0.096418
14.067343 0.819460 0.016116 -0.458784 1.460927 0.137843 -0.026800 0.093544 1.726203 0.088873
14.133902 0.830751 0.136739 -0.454299 1.467578 0.136799 -0.026694 0.099425 1.787826 0.084953
14.200970 0.837060 0.262697 -0.448526 1.472791 0.134513 -0.025507 0.102926 1.847161 0.082159
14.267360 0.841868 0.374293 -0.441163 1.477604 0.126200 -0.024922 0.106691 1.900039 0.074447
14.333993 0.851114 0.505502 -0.435913 1.484437 0.109914 -0.024000 0.100118 1.945562 0.062389
14.400715 0.859949 0.639206 -0.430802 1.490450 0.090404 -0.022326 0.112141 1.980273 0.063144
14.467775 0.869079 0.761760 -0.419712 1.496853 0.062008 -0.021513 0.117823 2.007326 0.067435
14.534009 0.878418 0.897342 -0.419426 1.502786 0.024143 -0.019923 0.111946 1.998387 0.061477
14.600659 0.889580 1.031250 -0.422742 1.507418 0.004749 -0.020554 0.115077 1.961767 0.051829
14.667439 0.896822 1.148407 -0.420233 1.511110 -0.008852 -0.023319 0.102170 1.930065 0.041936
14.733973 0.906410 1.283012 -0.413234 1.514184 -0.032897 -0.026400 0.090149 1.875504 0.037006
14.800675 0.911635 1.411085 -0.410719 1.515937 -0.071414 -0.028759 0.075673 1.799023 0.033208
14.867283 0.917924 1.518106 -0.405479 1.517806 -0.110623 -0.029172 0.066269 1.716686 0.016080
14.933901 0.921454 1.631967 -0.409528 1.517215 -0.152353 -0.029298 0.053969 1.577646 -0.000253
15.000562 0.926184 1.734609 -0.413854 1.516039 -0.180414 -0.027888 0.043281 1.416714 -0.009466
15.067434 0.927515 1.818781 -0.417376 1.514085 -0.196735 -0.025653 0.026801 1.275989 -0.018096
15.133875 0.928078 1.902163 -0.420795 1.511797 -0.203237 -0.023703 0.011786 1.095328 -0.025184
15.200457 0.925770 1.977831 -0.423100 1.508976 -0.206831 -0.024448 -0.002420 0.927943 -0.036299
15.267152 0.924314 2.027864 -0.423670 1.507126 -0.211529 -0.025334 -0.018734 0.775233 -0.037927
15.333795 0.921931 2.074240 -0.425009 1.505410 -0.215301 -0.025723 -0.035265 0.597913 -0.036540
15.400390 0.915312 2.106657 -0.425443 1.503087 -0.217409 -0.026008 -0.057824 0.421397 -0.033236
15.467209 0.910057 2.126461 -0.426992 1.502752 -0.217312 -0.027867 -0.076033 0.269865 -0.032994
15.533676 0.902452 2.138647 -0.427842 1.502661 -0.214868 -0.030111 -0.103567 0.091336 -0.026324
15.600328 0.894289 2.139516 -0.427642 1.503341 -0.212503 -0.030903 -0.124909 -0.075218 -0.020587
15.667129 0.886061 2.130542 -0.427263 1.504268 -0.210238 -0.031459 -0.147765 -0.217380 -0.021686
15.733626 0.874499 2.111123 -0.426319 1.505091 -0.207069 -0.032090 -0.168159 -0.375872 -0.010144
