0.000000 -0.040861 -9.357179 0.433127
0.005000 -0.073550 -9.398040 0.482160
0.010000 -0.073550 -9.455245 0.506677
0.015000 -0.106239 -9.447073 0.539366
0.020000 -0.089894 -9.455245 0.498505
0.025000 -0.114411 -9.414384 0.424955
0.030000 0.008172 -9.332662 0.408610
0.035000 0.016344 -9.267284 0.392266
0.040000 -0.032689 -9.218251 0.384094
0.045000 -0.147100 -9.161046 0.367749
0.050000 -0.236994 -9.136529 0.392266
0.055000 -0.367749 -9.144701 0.408610
0.060000 -0.457644 -9.095668 0.351405
0.065000 -0.449471 -9.038462 0.228822
0.070000 -0.473988 -8.989429 0.163444
0.075000 -0.433127 -8.997601 0.122583
0.080000 -0.457644 -8.997601 0.155272
0.085000 -0.580227 -9.030290 0.261511
0.090000 -0.727327 -9.054807 0.335061
0.095000 -0.825393 -9.005774 0.375922
0.100000 -0.898943 -8.940396 0.490333
0.105000 -0.923460 -8.907707 0.580227
0.110000 -0.825393 -8.842329 0.612916
0.115000 -0.686466 -8.809641 0.629260
0.120000 -0.547538 -8.776952 0.702810
0.125000 -0.416783 -8.842329 0.768188
0.130000 -0.449471 -8.981257 0.825393
0.135000 -0.384094 -8.989429 0.866254
0.140000 -0.359577 -9.079323 0.858082
0.145000 -0.286027 -9.185562 0.866254
0.150000 -0.245166 -9.291801 0.923460
0.155000 -0.236994 -9.447073 0.931632
0.160000 -0.196133 -9.520623 0.923460
0.165000 -0.196133 -9.561484 0.923460
0.170000 -0.130755 -9.659550 0.939804
0.175000 -0.089894 -9.741272 1.029698
0.180000 -0.081722 -9.806650 1.103248
0.185000 -0.106239 -9.806650 1.119593
0.190000 -0.081722 -9.806650 1.160454
0.195000 -0.114411 -9.741272 1.160454
0.200000 -0.081722 -9.545139 1.127765
0.205000 -0.147100 -9.316317 1.054215
0.210000 -0.212477 -9.169218 1.046043
0.215000 -0.187961 -9.022118 1.070559
0.220000 -0.114411 -8.973085 1.103248
0.225000 -0.179789 -8.940396 1.111420
0.230000 -0.286027 -8.915879 1.119593
0.235000 -0.367749 -8.948568 1.119593
0.240000 -0.433127 -8.915879 1.152281
0.245000 -0.335061 -8.891363 1.168626
0.250000 -0.261511 -8.915879 1.184970
0.255000 -0.171616 -9.046635 1.299381
0.260000 -0.081722 -9.185562 1.307553
0.265000 -0.024517 -9.267284 1.438309
0.270000 0.065378 -9.340834 1.511859
0.275000 0.155272 -9.389867 1.487342
0.280000 0.204305 -9.373523 1.479170
0.285000 0.245166 -9.291801 1.470997
0.290000 0.204305 -9.283629 1.495514
0.295000 0.122583 -9.201907 1.470997
0.300000 0.089894 -9.136529 1.413792
0.305000 0.049033 -9.177390 1.315726
0.310000 0.057205 -9.210079 1.315726
0.315000 0.049033 -9.267284 1.364759
0.320000 0.000000 -9.308145 1.389275
0.325000 -0.065378 -9.365351 1.356587
0.330000 -0.106239 -9.398040 1.356587
0.335000 -0.147100 -9.340834 1.307553
0.340000 -0.236994 -9.283629 1.250348
0.345000 -0.106239 -9.275456 1.291209
0.350000 -0.049033 -9.291801 1.291209
0.355000 0.000000 -9.324490 1.250348
0.360000 -0.024517 -9.316317 1.217659
0.365000 -0.073550 -9.357179 1.250348
0.370000 -0.138928 -9.389867 1.242176
0.375000 -0.147100 -9.406212 1.250348
0.380000 -0.138928 -9.406212 1.201315
0.385000 -0.130755 -9.479762 1.242176
0.390000 -0.130755 -9.536967 1.176798
0.395000 -0.130755 -9.618689 1.201315
0.400000 -0.065378 -9.635034 1.160454
0.405000 -0.057205 -9.594173 1.127765
0.410000 -0.024517 -9.635034 1.176798
0.415000 -0.032689 -9.667722 1.144109
0.420000 -0.057205 -9.610517 1.135937
0.425000 -0.073550 -9.618689 1.201315
0.430000 -0.106239 -9.626861 1.242176
0.435000 -0.138928 -9.643206 1.340242
0.440000 -0.081722 -9.536967 1.225831
0.445000 0.204305 -9.512450 1.103248
0.450000 0.465816 -9.504278 1.135937
0.455000 0.678293 -9.643206 1.070559
0.460000 0.849910 -9.798478 1.201315
0.465000 0.825393 -10.076333 1.389275
0.470000 0.760015 -10.215260 1.495514
0.475000 0.710982 -10.346016 1.585408
0.480000 0.588399 -10.419566 1.707992
0.485000 0.563882 -10.419566 1.699819
0.490000 0.547538 -10.321499 1.585408
0.495000 0.572055 -10.174399 1.520031
0.500000 0.596571 -10.109022 1.487342
0.505000 0.498505 -10.019127 1.503686
0.510000 0.433127 -9.945578 1.511859
0.515000 0.359577 -9.822994 1.454653
0.520000 0.359577 -9.782133 1.430136
0.525000 0.384094 -9.831167 1.470997
0.530000 0.400438 -9.847511 1.560892
0.535000 0.416783 -9.847511 1.577236
0.540000 0.326888 -9.814822 1.495514
0.545000 0.302372 -9.831167 1.487342
0.550000 0.294199 -9.880200 1.430136
0.555000 0.261511 -10.043644 1.381103
0.560000 0.212477 -10.117194 1.291209
0.565000 0.236994 -10.174399 1.160454
0.570000 0.269683 -10.174399 1.144109
0.575000 0.277855 -10.158055 1.135937
0.580000 0.253338 -10.076333 1.119593
0.585000 0.171616 -10.027300 1.176798
0.590000 0.000000 -9.970094 1.315726
0.595000 -0.122583 -10.002783 1.528203
0.600000 -0.228822 -10.051816 1.601753
0.605000 -0.245166 -10.043644 1.577236
0.610000 -0.179789 -9.970094 1.495514
0.615000 -0.138928 -9.863855 1.381103
0.620000 -0.024517 -9.724928 1.168626
0.625000 0.130755 -9.675895 1.135937
0.630000 0.310544 -9.586000 1.054215
0.635000 0.433127 -9.496106 1.005182
0.640000 0.465816 -9.398040 1.086904
0.645000 0.531194 -9.308145 1.332070
0.650000 0.539366 -9.161046 1.487342
0.655000 0.433127 -9.062979 1.618097
0.660000 0.318716 -8.981257 1.626269
0.665000 0.335061 -8.915879 1.560892
0.670000 0.465816 -8.956740 1.283037
0.675000 0.776360 -9.013946 1.029698
0.680000 1.046043 -9.152873 0.825393
0.685000 1.283037 -9.406212 0.653777
0.690000 1.421964 -9.724928 0.506677
0.695000 1.552720 -10.035472 0.400438
0.700000 1.650786 -10.329671 0.375922
0.705000 1.634442 -10.591182 0.318716
0.710000 1.585408 -10.852693 0.269683
0.715000 1.487342 -11.056998 0.302372
0.720000 1.381103 -11.187753 0.302372
0.725000 1.332070 -11.244959 0.335061
0.730000 1.397448 -11.253131 0.375922
0.735000 1.315726 -11.220442 0.310544
0.740000 1.283037 -11.106031 0.261511
0.745000 1.250348 -10.983448 0.269683
0.750000 1.184970 -10.836348 0.302372
0.755000 1.193142 -10.632043 0.351405
0.760000 1.070559 -10.419566 0.392266
0.765000 0.833565 -10.158055 0.433127
0.770000 0.661949 -9.953750 0.539366
0.775000 0.506677 -9.716756 0.678293
0.780000 0.335061 -9.545139 0.792704
0.785000 0.269683 -9.389867 0.849910
0.790000 0.269683 -9.250940 0.768188
0.795000 0.286027 -9.218251 0.743671
0.800000 0.392266 -9.079323 0.670121
0.805000 0.547538 -9.071151 0.686466
0.810000 0.751843 -9.087496 0.621088
0.815000 0.972493 -9.087496 0.645604
0.820000 1.054215 -9.144701 0.735499
0.825000 1.070559 -9.210079 0.874426
0.830000 1.013354 -9.332662 1.013354
0.835000 1.046043 -9.520623 1.095076
0.840000 1.062387 -9.643206 1.266692
0.845000 1.070559 -9.749445 1.389275
0.850000 1.086904 -9.896544 1.348414
0.855000 1.201315 -9.921061 1.291209
0.860000 1.250348 -10.035472 1.315726
0.865000 1.242176 -10.141711 1.413792
0.870000 1.193142 -10.288810 1.438309
0.875000 1.135937 -10.395049 1.479170
0.880000 0.972493 -10.444082 1.585408
0.885000 0.809049 -10.574838 1.511859
0.890000 0.719154 -10.583010 1.454653
0.895000 0.596571 -10.591182 1.413792
0.900000 0.408610 -10.435910 1.381103
0.905000 0.343233 -10.223433 1.217659
0.910000 0.253338 -10.002783 1.127765
0.915000 0.098067 -9.831167 1.127765
0.920000 -0.008172 -9.635034 1.176798
0.925000 -0.057205 -9.398040 1.111420
0.930000 -0.073550 -9.201907 1.046043
0.935000 -0.065378 -8.997601 1.046043
0.940000 -0.049033 -8.907707 1.062387
0.945000 -0.016344 -8.825985 1.029698
0.950000 -0.065378 -8.695230 1.005182
0.955000 -0.008172 -8.662541 0.988837
0.960000 0.065378 -8.662541 1.021526
0.965000 0.147100 -8.687057 1.070559
0.970000 0.212477 -8.760607 1.152281
0.975000 0.212477 -8.899535 1.250348
0.980000 0.187961 -9.054807 1.348414
0.985000 0.130755 -9.120185 1.356587
0.990000 0.114411 -9.103840 1.381103
0.995000 0.065378 -9.169218 1.413792
1.000000 0.081722 -9.234595 1.454653
1.005000 -0.008172 -9.259112 1.487342
1.010000 0.032689 -9.177390 1.421964
1.015000 -0.016344 -9.087496 1.430136
1.020000 0.073550 -9.177390 1.454653
1.025000 0.155272 -9.201907 1.503686
1.030000 0.196133 -9.120185 1.511859
1.035000 0.220650 -9.095668 1.421964
1.040000 0.171616 -9.120185 1.487342
1.045000 0.163444 -9.242768 1.593581
1.050000 0.212477 -9.414384 1.691647
1.055000 0.106239 -9.496106 1.765197
1.060000 0.098067 -9.569656 1.740680
1.065000 0.155272 -9.635034 1.757025
1.070000 0.163444 -9.651378 1.716164
1.075000 0.187961 -9.684067 1.609925
1.080000 0.245166 -9.667722 1.528203
1.085000 0.302372 -9.716756 1.454653
1.090000 0.318716 -9.855683 1.389275
1.095000 0.286027 -9.961922 1.397448
1.100000 0.261511 -10.141711 1.364759
1.105000 0.220650 -10.280638 1.364759
1.110000 0.179789 -10.346016 1.250348
1.115000 0.089894 -10.264294 1.225831
1.120000 0.057205 -10.174399 1.029698
1.125000 -0.049033 -10.027300 0.858082
1.130000 -0.089894 -9.855683 0.637432
1.135000 -0.130755 -9.716756 0.449471
1.140000 -0.326888 -9.610517 0.343233
1.145000 -0.449471 -9.586000 0.310544
1.150000 -0.637432 -9.602345 0.367749
1.155000 -0.825393 -9.602345 0.408610
1.160000 -0.947976 -9.626861 0.539366
1.165000 -1.046043 -9.626861 0.514849
1.170000 -1.086904 -9.577828 0.555710
1.175000 -1.013354 -9.659550 0.637432
1.180000 -0.972493 -9.757617 0.702810
1.185000 -0.939804 -9.839339 0.686466
1.190000 -0.858082 -9.896544 0.702810
1.195000 -0.768188 -10.109022 0.760015
1.200000 -0.727327 -10.264294 0.792704
1.205000 -0.621088 -10.370532 0.776360
1.210000 -0.539366 -10.583010 0.792704
1.215000 -0.351405 -10.721937 0.817221
1.220000 -0.212477 -10.885382 0.809049
1.225000 0.008172 -11.081514 0.792704
1.230000 0.220650 -11.212270 0.882598
1.235000 0.408610 -11.293992 0.882598
1.240000 0.621088 -11.375714 0.882598
1.245000 0.874426 -11.416575 0.743671
1.250000 1.046043 -11.522814 0.776360
1.255000 1.217659 -11.514642 0.817221
1.260000 1.299381 -11.547330 0.751843
1.265000 1.340242 -11.547330 0.809049
1.270000 1.356587 -11.522814 0.898943
1.275000 1.315726 -11.432919 1.029698
1.280000 1.209487 -11.343025 1.184970
1.285000 1.135937 -11.375714 1.315726
1.290000 1.086904 -11.392058 1.430136
1.295000 1.111420 -11.498297 1.479170
1.300000 1.184970 -11.539158 1.430136
1.305000 1.250348 -11.580019 1.250348
1.310000 1.421964 -11.612708 0.939804
1.315000 1.560892 -11.629052 0.514849
1.320000 1.642614 -11.604536 0.032689
1.325000 1.601753 -11.571847 -0.269683
1.330000 1.430136 -11.481953 -0.482160
1.335000 1.217659 -11.441092 -0.580227
1.340000 0.972493 -11.310336 -0.572055
1.345000 0.661949 -11.179581 -0.580227
1.350000 0.326888 -10.950759 -0.588399
1.355000 -0.024517 -10.615699 -0.563882
1.360000 -0.367749 -10.223433 -0.629260
1.365000 -0.547538 -9.773961 -0.710982
1.370000 -0.661949 -9.438901 -0.858082
1.375000 -0.653777 -9.177390 -0.947976
1.380000 -0.686466 -8.989429 -1.013354
1.385000 -0.572055 -8.817813 -0.997009
1.390000 -0.506677 -8.678885 -0.956148
1.395000 -0.457644 -8.597163 -0.890771
1.400000 -0.424955 -8.646196 -0.776360
1.405000 -0.367749 -8.744263 -0.678293
1.410000 -0.294199 -8.825985 -0.531194
1.415000 -0.196133 -8.768780 -0.482160
1.420000 -0.155272 -8.727918 -0.294199
1.425000 -0.114411 -8.695230 -0.073550
1.430000 -0.204305 -8.670713 0.106239
1.435000 -0.351405 -8.678885 0.310544
1.440000 -0.408610 -8.719746 0.473988
1.445000 -0.441299 -8.793296 0.710982
1.450000 -0.392266 -8.875018 0.849910
1.455000 -0.228822 -9.013946 0.939804
1.460000 -0.065378 -9.136529 1.005182
1.465000 0.057205 -9.275456 1.021526
1.470000 0.163444 -9.447073 1.062387
1.475000 0.253338 -9.561484 1.168626
1.480000 0.294199 -9.708583 1.250348
1.485000 0.335061 -9.757617 1.258520
1.490000 0.335061 -9.798478 1.184970
1.495000 0.359577 -9.831167 1.111420
1.500000 0.335061 -9.790306 1.078731
1.505000 0.318716 -9.708583 0.997009
1.510000 0.335061 -9.602345 0.939804
1.515000 0.286027 -9.389867 0.833565
1.520000 0.253338 -9.218251 0.768188
1.525000 0.228822 -9.071151 0.678293
1.530000 0.171616 -8.956740 0.588399
1.535000 0.089894 -8.858674 0.555710
1.540000 0.073550 -8.687057 0.555710
1.545000 0.098067 -8.556302 0.506677
1.550000 0.147100 -8.441891 0.416783
1.555000 0.098067 -8.368341 0.424955
1.560000 0.089894 -8.286619 0.523021
1.565000 0.057205 -8.253930 0.555710
1.570000 -0.024517 -8.204897 0.580227
1.575000 0.008172 -8.180381 0.547538
1.580000 0.016344 -8.180381 0.637432
1.585000 -0.040861 -8.278447 0.612916
1.590000 -0.024517 -8.335653 0.621088
1.595000 0.081722 -8.458236 0.686466
1.600000 0.106239 -8.548130 0.661949
1.605000 0.073550 -8.588991 0.563882
1.610000 0.073550 -8.695230 0.482160
1.615000 0.130755 -8.817813 0.498505
1.620000 0.147100 -8.915879 0.572055
1.625000 0.196133 -9.087496 0.539366
1.630000 0.171616 -9.201907 0.555710
1.635000 0.171616 -9.381695 0.653777
1.640000 0.163444 -9.471589 0.768188
1.645000 0.171616 -9.561484 0.833565
1.650000 0.171616 -9.643206 0.874426
1.655000 0.122583 -9.675895 0.874426
1.660000 0.163444 -9.773961 0.907115
1.665000 0.228822 -9.831167 0.923460
1.670000 0.286027 -9.912889 0.915287
1.675000 0.384094 -10.125366 0.972493
1.680000 0.531194 -10.288810 0.956148
1.685000 0.645604 -10.444082 0.972493
1.690000 0.760015 -10.501288 0.931632
1.695000 0.898943 -10.599354 0.915287
1.700000 0.988837 -10.591182 0.964321
1.705000 0.947976 -10.509460 0.931632
1.710000 0.923460 -10.435910 0.964321
1.715000 0.858082 -10.231605 0.939804
1.720000 0.719154 -10.035472 0.882598
1.725000 0.555710 -9.749445 0.800876
1.730000 0.400438 -9.594173 0.858082
1.735000 0.351405 -9.512450 1.070559
1.740000 0.245166 -9.398040 1.193142
1.745000 0.081722 -9.275456 1.315726
1.750000 0.008172 -9.267284 1.438309
1.755000 -0.049033 -9.332662 1.552720
1.760000 0.057205 -9.438901 1.544547
1.765000 0.277855 -9.594173 1.536375
1.770000 0.547538 -9.700411 1.495514
1.775000 0.776360 -9.822994 1.291209
1.780000 0.907115 -9.839339 1.168626
1.785000 0.988837 -9.822994 1.037870
1.790000 0.931632 -9.970094 0.890771
1.795000 0.858082 -10.068161 0.760015
1.800000 0.858082 -10.239777 0.678293
1.805000 0.751843 -10.378705 0.588399
1.810000 0.710982 -10.435910 0.539366
1.815000 0.588399 -10.476771 0.506677
1.820000 0.531194 -10.623871 0.523021
1.825000 0.457644 -10.689248 0.612916
1.830000 0.400438 -10.770971 0.710982
1.835000 0.400438 -10.869037 0.751843
1.840000 0.400438 -10.901726 0.784532
1.845000 0.384094 -10.901726 0.792704
1.850000 0.367749 -10.909898 0.727327
1.855000 0.310544 -10.885382 0.743671
1.860000 0.228822 -10.852693 0.809049
1.865000 0.138928 -10.869037 0.809049
1.870000 0.024517 -10.893554 0.907115
1.875000 -0.089894 -10.901726 0.907115
1.880000 -0.155272 -10.958931 0.792704
1.885000 -0.155272 -11.114203 0.424955
1.890000 0.065378 -11.195925 0.147100
1.895000 0.277855 -11.228614 -0.032689
1.900000 0.433127 -11.179581 -0.155272
1.905000 0.523021 -11.155064 -0.269683
1.910000 0.482160 -11.065170 -0.359577
1.915000 0.424955 -10.877209 -0.424955
1.920000 0.375922 -10.705593 -0.482160
1.925000 0.343233 -10.476771 -0.498505
1.930000 0.286027 -10.215260 -0.531194
1.935000 0.326888 -10.059988 -0.555710
1.940000 0.302372 -9.855683 -0.424955
1.945000 0.269683 -9.741272 -0.261511
1.950000 0.261511 -9.545139 -0.114411
1.955000 0.196133 -9.463417 0.016344
1.960000 0.236994 -9.487934 0.187961
1.965000 0.384094 -9.504278 0.277855
1.970000 0.523021 -9.504278 0.286027
1.975000 0.760015 -9.487934 0.326888
1.980000 0.898943 -9.438901 0.433127
1.985000 0.972493 -9.414384 0.621088
1.990000 0.915287 -9.324490 0.849910
1.995000 0.817221 -9.250940 1.046043
2.000000 0.686466 -9.185562 1.209487
2.005000 0.596571 -9.177390 1.389275
2.010000 0.531194 -9.242768 1.569064
2.015000 0.555710 -9.381695 1.618097
2.020000 0.645604 -9.610517 1.634442
2.025000 0.768188 -9.765789 1.601753
2.030000 0.923460 -9.880200 1.634442
2.035000 1.078731 -10.002783 1.585408
2.040000 1.160454 -10.059988 1.454653
2.045000 1.086904 -10.059988 1.438309
2.050000 1.062387 -10.084505 1.454653
2.055000 0.972493 -10.002783 1.495514
2.060000 0.874426 -9.888372 1.372931
2.065000 0.629260 -9.692239 1.315726
2.070000 0.375922 -9.528795 1.225831
2.075000 0.236994 -9.365351 1.217659
2.080000 0.081722 -9.234595 1.209487
2.085000 -0.163444 -9.193734 1.176798
2.090000 -0.335061 -9.013946 1.168626
2.095000 -0.482160 -8.883190 1.127765
2.100000 -0.612916 -8.752435 1.111420
2.105000 -0.710982 -8.580819 1.144109
2.110000 -0.751843 -8.466408 1.152281
2.115000 -0.678293 -8.425547 1.152281
2.120000 -0.621088 -8.368341 1.234003
2.125000 -0.572055 -8.343825 1.274865
2.130000 -0.506677 -8.302964 1.307553
2.135000 -0.424955 -8.213069 1.258520
2.140000 -0.294199 -8.237586 1.323898
2.145000 -0.196133 -8.278447 1.405620
2.150000 -0.122583 -8.302964 1.405620
2.155000 0.000000 -8.311136 1.438309
2.160000 0.089894 -8.311136 1.511859
2.165000 0.089894 -8.343825 1.609925
2.170000 0.106239 -8.327480 1.724336
2.175000 0.098067 -8.376514 1.838747
2.180000 0.016344 -8.507269 1.920469
2.185000 -0.008172 -8.629852 1.977674
2.190000 -0.081722 -8.809641 1.977674
2.195000 0.000000 -8.940396 1.928641
2.200000 0.057205 -9.062979 1.855091
2.205000 0.155272 -9.161046 1.667131
2.210000 0.236994 -9.234595 1.511859
2.215000 0.286027 -9.340834 1.364759
2.220000 0.351405 -9.422556 1.340242
2.225000 0.277855 -9.504278 1.283037
2.230000 0.147100 -9.586000 1.356587
2.235000 -0.008172 -9.651378 1.381103
2.240000 -0.147100 -9.765789 1.323898
2.245000 -0.196133 -9.904716 1.274865
2.250000 -0.261511 -10.019127 1.201315
2.255000 -0.261511 -10.109022 1.021526
2.260000 -0.187961 -10.117194 0.817221
2.265000 -0.032689 -10.149883 0.629260
2.270000 0.098067 -10.100849 0.531194
2.275000 0.138928 -10.158055 0.473988
2.280000 0.065378 -10.174399 0.473988
2.285000 -0.122583 -10.100849 0.482160
2.290000 -0.318716 -9.994611 0.531194
2.295000 -0.572055 -9.855683 0.563882
2.300000 -0.751843 -9.684067 0.596571
2.305000 -0.972493 -9.545139 0.694638
2.310000 -1.111420 -9.438901 0.784532
2.315000 -1.193142 -9.406212 0.833565
2.320000 -1.242176 -9.455245 0.915287
2.325000 -1.193142 -9.504278 0.907115
2.330000 -1.144109 -9.594173 0.858082
2.335000 -0.972493 -9.773961 0.809049
2.340000 -0.784532 -9.945578 0.760015
2.345000 -0.523021 -10.092677 0.768188
2.350000 -0.326888 -10.305155 0.727327
2.355000 -0.040861 -10.427738 0.735499
2.360000 0.187961 -10.591182 0.776360
2.365000 0.441299 -10.738282 0.760015
2.370000 0.555710 -10.803659 0.743671
2.375000 0.686466 -10.779143 0.678293
2.380000 0.727327 -10.754626 0.653777
2.385000 0.612916 -10.762798 0.661949
2.390000 0.547538 -10.730110 0.670121
2.395000 0.563882 -10.689248 0.751843
2.400000 0.539366 -10.648387 0.800876
2.405000 0.612916 -10.770971 0.939804
2.410000 0.604743 -10.869037 1.054215
2.415000 0.661949 -11.040653 1.021526
2.420000 0.670121 -11.163237 0.825393
2.425000 0.678293 -11.343025 0.555710
2.430000 0.800876 -11.441092 0.228822
2.435000 0.874426 -11.555503 -0.065378
2.440000 0.956148 -11.637225 -0.277855
2.445000 0.997009 -11.580019 -0.449471
2.450000 0.931632 -11.441092 -0.514849
2.455000 0.792704 -11.244959 -0.572055
2.460000 0.596571 -11.040653 -0.612916
2.465000 0.441299 -10.811832 -0.686466
2.470000 0.236994 -10.533977 -0.743671
2.475000 0.049033 -10.231605 -0.825393
2.480000 -0.106239 -9.929233 -0.898943
2.485000 -0.220650 -9.651378 -1.029698
2.490000 -0.228822 -9.455245 -0.972493
2.495000 -0.228822 -9.250940 -0.825393
2.500000 -0.261511 -9.185562 -0.727327
2.505000 -0.326888 -9.054807 -0.751843
2.510000 -0.335061 -8.948568 -0.751843
2.515000 -0.335061 -8.842329 -0.751843
2.520000 -0.261511 -8.776952 -0.719154
2.525000 -0.179789 -8.670713 -0.653777
2.530000 -0.236994 -8.572647 -0.596571
2.535000 -0.318716 -8.556302 -0.392266
2.540000 -0.351405 -8.539958 -0.155272
2.545000 -0.514849 -8.548130 0.016344
2.550000 -0.645604 -8.499097 0.163444
2.555000 -0.629260 -8.490924 0.261511
2.560000 -0.473988 -8.539958 0.310544
2.565000 -0.294199 -8.580819 0.375922
2.570000 -0.098067 -8.678885 0.449471
2.575000 0.065378 -8.866846 0.523021
2.580000 0.163444 -9.144701 0.637432
2.585000 0.236994 -9.447073 0.800876
2.590000 0.228822 -9.643206 0.825393
2.595000 0.236994 -9.921061 0.825393
2.600000 0.269683 -10.149883 0.841737
2.605000 0.343233 -10.288810 0.841737
2.610000 0.400438 -10.354188 0.768188
2.615000 0.392266 -10.272466 0.686466
2.620000 0.400438 -10.166227 0.531194
2.625000 0.302372 -10.043644 0.498505
2.630000 0.228822 -9.847511 0.465816
2.635000 0.098067 -9.700411 0.408610
2.640000 -0.032689 -9.520623 0.326888
2.645000 -0.155272 -9.422556 0.286027
2.650000 -0.212477 -9.316317 0.253338
2.655000 -0.261511 -9.218251 0.318716
2.660000 -0.253338 -9.128357 0.245166
2.665000 -0.098067 -8.989429 0.261511
2.670000 0.089894 -8.899535 0.245166
2.675000 0.163444 -8.875018 0.228822
2.680000 0.286027 -8.744263 0.187961
2.685000 0.318716 -8.605335 0.253338
2.690000 0.277855 -8.507269 0.351405
2.695000 0.138928 -8.490924 0.424955
2.700000 0.049033 -8.417375 0.506677
2.705000 -0.024517 -8.466408 0.588399
2.710000 -0.008172 -8.450063 0.678293
2.715000 0.032689 -8.564474 0.686466
2.720000 0.163444 -8.687057 0.653777
2.725000 0.335061 -8.752435 0.596571
2.730000 0.416783 -8.924051 0.621088
2.735000 0.514849 -9.087496 0.702810
2.740000 0.539366 -9.250940 0.694638
2.745000 0.637432 -9.496106 0.686466
2.750000 0.735499 -9.635034 0.686466
2.755000 0.874426 -9.773961 0.629260
2.760000 0.923460 -9.921061 0.629260
2.765000 0.915287 -10.092677 0.645604
2.770000 0.898943 -10.247949 0.670121
2.775000 0.849910 -10.419566 0.817221
2.780000 0.760015 -10.525804 0.874426
2.785000 0.678293 -10.533977 0.874426
2.790000 0.612916 -10.427738 0.792704
2.795000 0.645604 -10.337844 0.661949
2.800000 0.686466 -10.231605 0.596571
2.805000 0.653777 -10.149883 0.498505
2.810000 0.686466 -10.158055 0.465816
2.815000 0.719154 -10.125366 0.473988
2.820000 0.653777 -10.100849 0.482160
2.825000 0.563882 -10.100849 0.523021
2.830000 0.457644 -10.100849 0.596571
2.835000 0.433127 -10.084505 0.661949
2.840000 0.408610 -10.109022 0.760015
2.845000 0.375922 -10.109022 0.858082
2.850000 0.343233 -10.149883 0.907115
2.855000 0.318716 -10.141711 0.874426
2.860000 0.343233 -9.970094 0.751843
2.865000 0.384094 -9.896544 0.539366
2.870000 0.433127 -9.773961 0.367749
2.875000 0.498505 -9.749445 0.269683
2.880000 0.547538 -9.733100 0.122583
2.885000 0.523021 -9.675895 -0.040861
2.890000 0.531194 -9.651378 -0.196133
2.895000 0.563882 -9.643206 -0.359577
2.900000 0.629260 -9.618689 -0.482160
2.905000 0.645604 -9.561484 -0.563882
2.910000 0.612916 -9.520623 -0.539366
2.915000 0.539366 -9.463417 -0.424955
2.920000 0.433127 -9.438901 -0.187961
2.925000 0.228822 -9.594173 0.130755
2.930000 0.106239 -9.847511 0.261511
2.935000 0.163444 -10.084505 0.392266
2.940000 0.392266 -10.337844 0.416783
2.945000 0.678293 -10.648387 0.441299
2.950000 1.005182 -10.942587 0.441299
2.955000 1.315726 -11.163237 0.408610
2.960000 1.511859 -11.351197 0.433127
2.965000 1.544547 -11.555503 0.580227
2.970000 1.405620 -11.751636 0.841737
2.975000 1.201315 -11.947769 1.095076
2.980000 0.956148 -11.955941 1.274865
2.985000 0.776360 -11.947769 1.356587
2.990000 0.694638 -11.735291 1.234003
2.995000 0.735499 -11.530986 0.874426
3.000000 0.858082 -11.277647 0.392266
3.005000 1.127765 -11.146892 -0.057205
3.010000 1.307553 -10.918070 -0.449471
3.015000 1.585408 -10.656560 -0.694638
3.020000 1.560892 -10.460427 -0.817221
3.025000 1.258520 -10.346016 -0.817221
3.030000 0.939804 -10.215260 -0.768188
3.035000 0.482160 -10.149883 -0.645604
3.040000 0.098067 -10.100849 -0.523021
3.045000 -0.171616 -10.043644 -0.416783
3.050000 -0.269683 -9.929233 -0.302372
3.055000 -0.318716 -9.970094 -0.171616
3.060000 -0.204305 -9.929233 -0.171616
3.065000 -0.098067 -9.921061 -0.155272
3.070000 0.163444 -9.904716 -0.155272
3.075000 0.375922 -9.798478 -0.179789
3.080000 0.531194 -9.692239 -0.032689
3.085000 0.539366 -9.561484 0.187961
3.090000 0.449471 -9.471589 0.490333
3.095000 0.269683 -9.438901 0.792704
3.100000 0.155272 -9.324490 1.135937
3.105000 0.098067 -9.250940 1.315726
3.110000 0.073550 -9.226423 1.544547
3.115000 0.098067 -9.316317 1.683475
3.120000 0.106239 -9.283629 1.724336
3.125000 0.122583 -9.332662 1.748853
3.130000 0.212477 -9.463417 1.707992
3.135000 0.286027 -9.577828 1.675303
3.140000 0.302372 -9.692239 1.577236
3.145000 0.212477 -9.798478 1.544547
3.150000 0.057205 -9.929233 1.520031
3.155000 -0.106239 -9.986439 1.503686
3.160000 -0.171616 -10.133538 1.454653
3.165000 -0.171616 -10.247949 1.405620
3.170000 -0.179789 -10.280638 1.348414
3.175000 -0.204305 -10.280638 1.209487
3.180000 -0.163444 -10.288810 1.176798
3.185000 -0.130755 -10.215260 1.119593
3.190000 -0.179789 -10.051816 1.095076
3.195000 -0.269683 -9.847511 0.997009
3.200000 -0.318716 -9.626861 0.972493
3.205000 -0.392266 -9.389867 0.972493
3.210000 -0.392266 -9.242768 0.988837
3.215000 -0.498505 -9.030290 0.923460
3.220000 -0.563882 -8.801468 0.956148
3.225000 -0.645604 -8.646196 1.037870
3.230000 -0.768188 -8.499097 1.078731
3.235000 -0.849910 -8.417375 1.127765
3.240000 -0.833565 -8.376514 1.184970
3.245000 -0.809049 -8.302964 1.242176
3.250000 -0.760015 -8.294791 1.266692
3.255000 -0.694638 -8.270275 1.372931
3.260000 -0.645604 -8.213069 1.479170
3.265000 -0.621088 -8.237586 1.503686
3.270000 -0.612916 -8.311136 1.699819
3.275000 -0.514849 -8.548130 1.887780
3.280000 -0.465816 -8.760607 1.953158
3.285000 -0.351405 -8.973085 1.985847
3.290000 -0.245166 -9.120185 1.936813
3.295000 -0.171616 -9.283629 1.944986
3.300000 -0.098067 -9.398040 1.994019
3.305000 -0.114411 -9.504278 1.977674
3.310000 -0.138928 -9.553312 2.034880
3.315000 -0.179789 -9.667722 1.977674
3.320000 -0.204305 -9.765789 1.879608
3.325000 -0.196133 -9.822994 1.765197
3.330000 -0.098067 -9.921061 1.691647
3.335000 -0.089894 -9.961922 1.667131
3.340000 -0.089894 -9.961922 1.544547
3.345000 -0.163444 -9.970094 1.438309
3.350000 -0.220650 -9.961922 1.274865
3.355000 -0.253338 -9.994611 1.119593
3.360000 -0.286027 -9.888372 0.849910
3.365000 -0.294199 -9.896544 0.653777
3.370000 -0.261511 -9.888372 0.580227
3.375000 -0.286027 -9.782133 0.482160
3.380000 -0.424955 -9.626861 0.408610
3.385000 -0.661949 -9.528795 0.457644
3.390000 -0.784532 -9.406212 0.547538
3.395000 -0.988837 -9.340834 0.645604
3.400000 -1.127765 -9.291801 0.939804
3.405000 -1.299381 -9.242768 1.176798
3.410000 -1.356587 -9.242768 1.340242
3.415000 -1.291209 -9.373523 1.585408
3.420000 -1.135937 -9.553312 1.822402
3.425000 -0.964321 -9.667722 1.814230
3.430000 -0.784532 -9.912889 1.781541
3.435000 -0.482160 -10.109022 1.650786
3.440000 -0.089894 -10.272466 1.487342
3.445000 0.220650 -10.533977 1.340242
3.450000 0.523021 -10.664732 1.258520
3.455000 0.612916 -10.934415 1.242176
3.460000 0.694638 -11.138720 1.250348
3.465000 0.743671 -11.318509 1.258520
3.470000 0.841737 -11.498297 1.225831
3.475000 0.956148 -11.661741 1.242176
3.480000 1.070559 -11.776152 1.315726
3.485000 1.054215 -11.767980 1.446481
3.490000 1.095076 -11.588191 1.487342
3.495000 1.013354 -11.449264 1.667131
3.500000 0.939804 -11.293992 1.806058
3.505000 0.939804 -11.179581 1.773369
3.510000 0.980665 -11.089687 1.642614
3.515000 1.119593 -10.958931 1.381103
3.520000 1.315726 -10.852693 1.054215
3.525000 1.462825 -10.746454 0.694638
3.530000 1.560892 -10.623871 0.343233
3.535000 1.479170 -10.533977 0.236994
3.540000 1.201315 -10.493116 0.171616
3.545000 0.882598 -10.329671 0.196133
3.550000 0.514849 -10.133538 0.269683
3.555000 0.155272 -9.896544 0.212477
3.560000 -0.147100 -9.667722 0.196133
3.565000 -0.335061 -9.438901 0.138928
3.570000 -0.335061 -9.218251 0.016344
3.575000 -0.310544 -8.948568 -0.122583
3.580000 -0.294199 -8.687057 -0.155272
3.585000 -0.400438 -8.499097 -0.106239
3.590000 -0.563882 -8.433719 -0.049033
3.595000 -0.719154 -8.409202 0.057205
3.600000 -0.874426 -8.482752 0.073550
3.605000 -0.890771 -8.638024 0.081722
3.610000 -0.890771 -8.703402 0.147100
3.615000 -0.833565 -8.801468 0.236994
3.620000 -0.898943 -8.899535 0.367749
3.625000 -1.095076 -8.981257 0.580227
3.630000 -1.234003 -9.087496 0.776360
3.635000 -1.258520 -9.242768 0.988837
3.640000 -1.193142 -9.381695 1.274865
3.645000 -1.046043 -9.528795 1.389275
3.650000 -0.866254 -9.626861 1.430136
3.655000 -0.580227 -9.724928 1.544547
3.660000 -0.449471 -9.839339 1.691647
3.665000 -0.310544 -10.027300 1.773369
3.670000 -0.286027 -10.149883 1.855091
3.675000 -0.228822 -10.231605 1.961330
3.680000 -0.277855 -10.247949 1.912297
3.685000 -0.204305 -10.247949 1.871436
3.690000 -0.122583 -10.272466 1.855091
3.695000 -0.065378 -10.280638 1.863263
3.700000 -0.040861 -10.166227 1.757025
3.705000 -0.138928 -9.961922 1.675303
3.710000 -0.318716 -9.733100 1.577236
3.715000 -0.367749 -9.536967 1.495514
3.720000 -0.424955 -9.373523 1.454653
3.725000 -0.465816 -9.185562 1.381103
3.730000 -0.506677 -9.079323 1.381103
3.735000 -0.563882 -8.866846 1.283037
3.740000 -0.604743 -8.744263 1.184970
3.745000 -0.629260 -8.654369 1.127765
3.750000 -0.523021 -8.629852 1.086904
3.755000 -0.441299 -8.654369 1.070559
3.760000 -0.408610 -8.662541 1.029698
3.765000 -0.465816 -8.703402 1.037870
3.770000 -0.490333 -8.752435 1.037870
3.775000 -0.473988 -8.793296 1.054215
3.780000 -0.490333 -8.817813 1.193142
3.785000 -0.433127 -8.875018 1.242176
3.790000 -0.351405 -8.883190 1.364759
3.795000 -0.277855 -8.915879 1.487342
3.800000 -0.130755 -9.022118 1.536375
3.805000 -0.016344 -9.169218 1.618097
3.810000 0.057205 -9.275456 1.691647
3.815000 0.138928 -9.381695 1.748853
3.820000 0.228822 -9.602345 1.757025
3.825000 0.269683 -9.716756 1.724336
3.830000 0.326888 -9.912889 1.740680
3.835000 0.441299 -10.141711 1.732508
3.840000 0.645604 -10.231605 1.642614
3.845000 0.768188 -10.321499 1.585408
3.850000 0.817221 -10.419566 1.593581
3.855000 0.760015 -10.476771 1.569064
3.860000 0.710982 -10.460427 1.536375
3.865000 0.629260 -10.378705 1.462825
3.870000 0.531194 -10.215260 1.364759
3.875000 0.465816 -10.092677 1.234003
3.880000 0.408610 -9.912889 1.135937
3.885000 0.416783 -9.733100 1.046043
3.890000 0.449471 -9.684067 0.947976
3.895000 0.523021 -9.577828 0.956148
3.900000 0.523021 -9.561484 1.029698
3.905000 0.457644 -9.594173 1.144109
3.910000 0.408610 -9.708583 1.250348
3.915000 0.351405 -9.741272 1.430136
3.920000 0.335061 -9.822994 1.618097
3.925000 0.335061 -9.806650 1.691647
3.930000 0.351405 -9.806650 1.740680
3.935000 0.473988 -9.814822 1.822402
3.940000 0.694638 -9.782133 1.846919
3.945000 0.947976 -9.831167 1.830575
3.950000 1.119593 -9.806650 1.699819
3.955000 1.397448 -9.904716 1.536375
3.960000 1.658958 -10.059988 1.348414
3.965000 1.846919 -10.264294 1.013354
3.970000 2.002191 -10.362360 0.809049
3.975000 1.855091 -10.411393 0.702810
3.980000 1.626269 -10.501288 0.817221
3.985000 1.242176 -10.460427 1.070559
3.990000 0.800876 -10.435910 1.356587
3.995000 0.416783 -10.419566 1.642614
4.000000 0.163444 -10.386877 1.871436
4.005000 0.106239 -10.435910 2.075741
4.010000 0.245166 -10.395049 2.141119
4.015000 0.498505 -10.378705 2.100258
4.020000 0.735499 -10.264294 2.092085
4.025000 0.792704 -10.149883 2.198324
4.030000 0.768188 -10.035472 2.353596
4.035000 0.555710 -10.068161 2.533385
4.040000 0.375922 -10.125366 2.680484
4.045000 0.286027 -10.166227 2.696829
4.050000 0.261511 -10.354188 2.557901
4.055000 0.392266 -10.419566 2.181980
4.060000 0.719154 -10.591182 1.846919
4.065000 1.062387 -10.852693 1.511859
4.070000 1.234003 -11.073342 1.152281
4.075000 1.168626 -11.122376 0.866254
4.080000 0.956148 -11.073342 0.735499
4.085000 0.498505 -10.950759 0.776360
4.090000 -0.008172 -10.689248 0.898943
4.095000 -0.465816 -10.231605 1.119593
4.100000 -0.923460 -9.863855 1.209487
4.105000 -1.062387 -9.430728 1.184970
4.110000 -1.037870 -8.981257 1.234003
4.115000 -0.858082 -8.556302 1.135937
4.120000 -0.694638 -8.245758 1.144109
4.125000 -0.539366 -7.943386 1.054215
4.130000 -0.261511 -7.673704 0.849910
4.135000 -0.073550 -7.526604 0.792704
4.140000 0.065378 -7.420365 0.841737
4.145000 0.196133 -7.379504 0.997009
4.150000 0.155272 -7.428537 1.193142
4.155000 0.049033 -7.518432 1.536375
4.160000 -0.024517 -7.657359 1.855091
4.165000 -0.049033 -7.828976 2.116602
4.170000 0.040861 -8.025109 2.320907
4.175000 0.163444 -8.188553 2.451662
4.180000 0.359577 -8.474580 2.533385
4.185000 0.637432 -8.719746 2.623279
4.190000 0.825393 -8.964913 2.615107
4.195000 0.792704 -9.193734 2.664140
4.200000 0.719154 -9.398040 2.655968
4.205000 0.555710 -9.610517 2.754034
4.210000 0.416783 -9.822994 2.811240
4.215000 0.302372 -9.912889 2.754034
4.220000 0.261511 -9.978266 2.696829
4.225000 0.220650 -9.929233 2.590590
4.230000 0.147100 -9.839339 2.492524
4.235000 0.065378 -9.757617 2.402629
4.240000 -0.016344 -9.643206 2.288218
4.245000 -0.114411 -9.496106 2.214668
4.250000 -0.179789 -9.365351 2.190152
4.255000 -0.253338 -9.103840 2.165635
4.260000 -0.335061 -8.891363 2.181980
4.265000 -0.392266 -8.654369 2.132946
4.270000 -0.465816 -8.335653 2.132946
4.275000 -0.563882 -8.041453 2.075741
4.280000 -0.661949 -7.796287 2.075741
4.285000 -0.694638 -7.616498 2.116602
4.290000 -0.735499 -7.502087 2.141119
4.295000 -0.710982 -7.444882 2.059396
4.300000 -0.580227 -7.330471 2.026708
4.305000 -0.498505 -7.273265 2.100258
4.310000 -0.351405 -7.330471 2.157463
4.315000 -0.286027 -7.346815 2.263702
4.320000 -0.286027 -7.469398 2.402629
4.325000 -0.302372 -7.575637 2.525212
4.330000 -0.286027 -7.853492 2.721345
4.335000 -0.269683 -8.188553 2.868445
4.340000 -0.220650 -8.474580 2.941995
4.345000 -0.212477 -8.711574 2.909306
4.350000 -0.163444 -8.907707 2.835756
4.355000 -0.073550 -9.112012 2.754034
4.360000 0.000000 -9.283629 2.582418
4.365000 0.081722 -9.455245 2.435318
4.370000 0.114411 -9.553312 2.263702
4.375000 0.187961 -9.626861 2.263702
4.380000 0.204305 -9.741272 2.214668
4.385000 0.147100 -9.822994 2.132946
4.390000 0.130755 -9.880200 2.067569
4.395000 0.098067 -9.945578 1.969502
4.400000 0.032689 -9.945578 1.846919
4.405000 0.024517 -9.896544 1.552720
4.410000 0.114411 -9.904716 1.348414
4.415000 0.171616 -9.872028 1.201315
4.420000 0.138928 -9.896544 1.111420
4.425000 0.114411 -9.814822 1.095076
4.430000 -0.008172 -9.700411 1.135937
4.435000 -0.130755 -9.569656 1.242176
4.440000 -0.302372 -9.414384 1.520031
4.445000 -0.473988 -9.291801 1.765197
4.450000 -0.539366 -9.193734 1.912297
4.455000 -0.523021 -9.128357 1.994019
4.460000 -0.441299 -9.210079 2.059396
4.465000 -0.294199 -9.250940 2.026708
4.470000 -0.065378 -9.275456 1.912297
4.475000 0.269683 -9.373523 1.675303
4.480000 0.653777 -9.422556 1.520031
4.485000 0.964321 -9.586000 1.348414
4.490000 1.274865 -9.749445 1.348414
4.495000 1.323898 -9.937405 1.454653
4.500000 1.250348 -10.141711 1.634442
4.505000 1.144109 -10.370532 1.765197
4.510000 1.029698 -10.623871 1.985847
4.515000 0.980665 -10.934415 2.141119
4.520000 1.029698 -11.106031 2.280046
4.525000 1.135937 -11.408403 2.312735
4.530000 1.209487 -11.743463 2.329079
4.535000 1.315726 -12.037663 2.149291
4.540000 1.405620 -12.209279 1.887780
4.545000 1.495514 -12.282829 1.421964
4.550000 1.503686 -12.192935 1.037870
4.555000 1.495514 -12.013146 0.555710
4.560000 1.381103 -11.808841 0.253338
4.565000 1.111420 -11.588191 0.040861
4.570000 0.784532 -11.155064 -0.351405
4.575000 0.286027 -10.787315 -0.588399
4.580000 -0.155272 -10.370532 -0.727327
4.585000 -0.596571 -10.076333 -0.841737
4.590000 -0.931632 -9.749445 -0.866254
4.595000 -1.234003 -9.406212 -0.874426
4.600000 -1.381103 -9.095668 -0.825393
4.605000 -1.503686 -8.932224 -0.735499
4.610000 -1.536375 -8.850502 -0.523021
4.615000 -1.446481 -8.964913 -0.196133
4.620000 -1.315726 -9.128357 -0.057205
4.625000 -1.062387 -9.283629 0.024517
4.630000 -0.686466 -9.455245 0.065378
4.635000 -0.310544 -9.561484 0.065378
4.640000 0.081722 -9.716756 0.163444
4.645000 0.392266 -9.863855 0.335061
4.650000 0.637432 -10.068161 0.523021
4.655000 0.760015 -10.223433 0.670121
4.660000 0.858082 -10.444082 0.931632
4.665000 0.964321 -10.493116 1.135937
4.670000 1.062387 -10.583010 1.258520
4.675000 1.095076 -10.558493 1.470997
4.680000 1.135937 -10.493116 1.585408
4.685000 1.111420 -10.460427 1.650786
4.690000 1.054215 -10.378705 1.675303
4.695000 1.054215 -10.280638 1.675303
4.700000 1.046043 -10.215260 1.691647
4.705000 1.078731 -10.109022 1.683475
4.710000 1.054215 -9.937405 1.634442
4.715000 1.021526 -9.872028 1.577236
4.720000 1.037870 -9.749445 1.479170
4.725000 0.947976 -9.675895 1.397448
4.730000 0.817221 -9.626861 1.372931
4.735000 0.800876 -9.561484 1.323898
4.740000 0.800876 -9.512450 1.193142
4.745000 0.825393 -9.430728 1.062387
4.750000 0.833565 -9.406212 0.980665
4.755000 0.760015 -9.316317 0.980665
4.760000 0.678293 -9.316317 0.956148
4.765000 0.547538 -9.381695 0.931632
4.770000 0.596571 -9.463417 0.890771
4.775000 0.563882 -9.471589 0.866254
4.780000 0.563882 -9.496106 0.825393
4.785000 0.563882 -9.447073 0.760015
4.790000 0.547538 -9.340834 0.751843
4.795000 0.433127 -9.275456 0.719154
4.800000 0.326888 -9.177390 0.719154
4.805000 0.212477 -9.103840 0.776360
4.810000 0.114411 -9.087496 0.874426
4.815000 0.049033 -9.103840 0.915287
4.820000 0.073550 -9.013946 1.029698
4.825000 0.065378 -9.046635 1.103248
4.830000 0.089894 -9.087496 1.209487
4.835000 0.187961 -9.169218 1.225831
4.840000 0.294199 -9.291801 1.217659
4.845000 0.473988 -9.463417 1.234003
4.850000 0.629260 -9.757617 1.242176
4.855000 0.874426 -9.961922 1.160454
4.860000 1.021526 -10.133538 1.119593
4.865000 1.152281 -10.231605 1.062387
4.870000 1.225831 -10.313327 1.005182
4.875000 1.283037 -10.337844 1.021526
4.880000 1.127765 -10.313327 0.947976
4.885000 0.997009 -10.182572 0.809049
4.890000 0.874426 -10.043644 0.727327
4.895000 0.817221 -9.912889 0.629260
4.900000 0.727327 -9.765789 0.531194
4.905000 0.604743 -9.610517 0.441299
4.910000 0.531194 -9.471589 0.318716
4.915000 0.441299 -9.340834 0.335061
4.920000 0.343233 -9.463417 0.400438
4.925000 0.261511 -9.487934 0.449471
4.930000 0.204305 -9.528795 0.506677
4.935000 0.163444 -9.520623 0.563882
4.940000 0.163444 -9.577828 0.661949
4.945000 0.081722 -9.602345 0.661949
4.950000 0.081722 -9.602345 0.760015
4.955000 0.081722 -9.569656 0.849910
4.960000 0.163444 -9.618689 1.029698
4.965000 0.375922 -9.675895 1.119593
4.970000 0.539366 -9.708583 1.160454
4.975000 0.710982 -9.904716 1.193142
4.980000 0.931632 -10.100849 1.046043
4.985000 1.193142 -10.313327 0.776360
4.990000 1.560892 -10.444082 0.498505
4.995000 1.814230 -10.591182 0.269683
5.000000 1.953158 -10.599354 0.147100
5.005000 1.879608 -10.583010 0.163444
5.010000 1.470997 -10.411393 0.310544
5.015000 1.046043 -10.305155 0.596571
5.020000 0.661949 -10.215260 0.898943
5.025000 0.335061 -10.141711 1.127765
5.030000 0.122583 -10.027300 1.356587
5.035000 0.106239 -9.961922 1.618097
5.040000 0.089894 -9.961922 1.863263
5.045000 0.130755 -9.970094 1.969502
5.050000 0.277855 -10.223433 2.157463
5.055000 0.384094 -10.542149 2.263702
5.060000 0.572055 -10.958931 2.149291
5.065000 0.776360 -11.310336 1.822402
5.070000 1.078731 -11.620880 1.315726
5.075000 1.462825 -11.743463 0.784532
5.080000 1.618097 -11.718947 0.523021
5.085000 1.487342 -11.465608 0.335061
5.090000 1.037870 -11.171409 0.196133
5.095000 0.457644 -10.672904 0.220650
5.100000 -0.335061 -10.247949 0.310544
5.105000 -0.898943 -9.945578 0.433127
5.110000 -1.217659 -9.626861 0.441299
5.115000 -1.274865 -9.357179 0.375922
5.120000 -1.176798 -9.161046 0.261511
5.125000 -0.907115 -9.095668 0.171616
5.130000 -0.621088 -9.112012 0.261511
5.135000 -0.343233 -9.357179 0.375922
5.140000 -0.081722 -9.602345 0.457644
5.145000 0.220650 -9.831167 0.531194
5.150000 0.400438 -10.019127 0.604743
5.155000 0.694638 -10.100849 0.727327
5.160000 0.947976 -10.117194 0.841737
5.165000 1.127765 -10.109022 1.021526
5.170000 1.234003 -10.109022 1.283037
5.175000 1.250348 -10.231605 1.544547
5.180000 1.176798 -10.386877 1.969502
5.185000 1.086904 -10.395049 2.132946
5.190000 1.095076 -10.362360 2.247357
5.195000 1.201315 -10.272466 2.239185
5.200000 1.258520 -10.207088 2.206496
5.205000 1.332070 -10.117194 2.149291
5.210000 1.332070 -10.076333 2.149291
5.215000 1.242176 -9.978266 2.116602
5.220000 1.119593 -9.945578 2.059396
5.225000 0.988837 -9.847511 2.043052
5.230000 0.751843 -9.708583 2.010363
5.235000 0.547538 -9.561484 1.912297
5.240000 0.318716 -9.357179 1.838747
5.245000 0.147100 -9.193734 1.748853
5.250000 0.016344 -9.161046 1.699819
5.255000 -0.155272 -8.956740 1.634442
5.260000 -0.277855 -8.801468 1.609925
5.265000 -0.408610 -8.654369 1.528203
5.270000 -0.490333 -8.572647 1.487342
5.275000 -0.539366 -8.401030 1.430136
5.280000 -0.612916 -8.164036 1.332070
5.285000 -0.653777 -8.008764 1.258520
5.290000 -0.670121 -7.861664 1.193142
5.295000 -0.727327 -7.812631 1.234003
5.300000 -0.719154 -7.706392 1.201315
5.305000 -0.743671 -7.649187 1.209487
5.310000 -0.743671 -7.591982 1.201315
5.315000 -0.776360 -7.551120 1.119593
5.320000 -0.792704 -7.518432 1.160454
5.325000 -0.776360 -7.534776 1.144109
5.330000 -0.776360 -7.526604 1.201315
5.335000 -0.784532 -7.502087 1.250348
5.340000 -0.768188 -7.518432 1.389275
5.345000 -0.694638 -7.567465 1.626269
5.350000 -0.702810 -7.649187 1.830575
5.355000 -0.686466 -7.927042 2.026708
5.360000 -0.588399 -8.164036 2.271874
5.365000 -0.400438 -8.450063 2.345424
5.370000 -0.204305 -8.736091 2.468007
5.375000 0.122583 -9.103840 2.582418
5.380000 0.449471 -9.471589 2.631451
5.385000 0.694638 -9.782133 2.606934
5.390000 0.898943 -10.059988 2.541557
5.395000 1.029698 -10.321499 2.500696
5.400000 1.095076 -10.697421 2.541557
5.405000 1.029698 -10.893554 2.386285
5.410000 0.964321 -10.967104 2.173807
5.415000 0.776360 -11.073342 1.936813
5.420000 0.588399 -11.056998 1.740680
5.425000 0.416783 -10.967104 1.511859
5.430000 0.204305 -10.909898 1.315726
5.435000 0.081722 -10.811832 1.111420
5.440000 -0.106239 -10.591182 0.874426
5.445000 -0.367749 -10.329671 0.809049
5.450000 -0.449471 -10.231605 0.760015
5.455000 -0.514849 -10.059988 0.735499
5.460000 -0.612916 -9.863855 0.800876
5.465000 -0.735499 -9.651378 0.915287
5.470000 -0.768188 -9.463417 0.939804
5.475000 -0.768188 -9.447073 0.997009
5.480000 -0.694638 -9.479762 0.923460
5.485000 -0.506677 -9.594173 0.800876
5.490000 -0.130755 -9.716756 0.768188
5.495000 0.147100 -9.855683 0.751843
5.500000 0.375922 -10.010955 0.743671
5.505000 0.604743 -10.223433 0.882598
5.510000 0.743671 -10.411393 0.964321
5.515000 0.907115 -10.640215 1.029698
5.520000 1.144109 -10.901726 1.160454
5.525000 1.389275 -11.130548 1.299381
5.530000 1.732508 -11.392058 1.430136
5.535000 1.912297 -11.580019 1.560892
5.540000 2.034880 -11.857874 1.667131
5.545000 2.181980 -12.070352 1.683475
5.550000 2.271874 -12.201107 1.626269
5.555000 2.386285 -12.348207 1.536375
5.560000 2.353596 -12.380896 1.250348
5.565000 2.296391 -12.184763 0.776360
5.570000 2.141119 -11.866046 0.236994
5.575000 1.740680 -11.400231 -0.073550
5.580000 1.405620 -11.081514 -0.294199
5.585000 1.095076 -10.599354 -0.555710
5.590000 0.661949 -10.109022 -0.776360
5.595000 0.294199 -9.545139 -0.997009
5.600000 -0.130755 -9.079323 -1.127765
5.605000 -0.506677 -8.605335 -1.184970
5.610000 -0.841737 -8.213069 -1.135937
5.615000 -1.144109 -7.837148 -0.964321
5.620000 -1.283037 -7.616498 -0.792704
5.625000 -1.413792 -7.518432 -0.588399
5.630000 -1.487342 -7.641015 -0.359577
5.635000 -1.372931 -7.918870 -0.122583
5.640000 -1.217659 -8.319308 0.106239
5.645000 -0.923460 -8.719746 0.179789
5.650000 -0.498505 -9.226423 0.302372
5.655000 -0.008172 -9.659550 0.433127
5.660000 0.514849 -10.198916 0.531194
5.665000 0.800876 -10.591182 0.621088
5.670000 1.013354 -10.877209 0.751843
5.675000 1.095076 -11.163237 0.947976
5.680000 1.127765 -11.375714 1.119593
5.685000 1.021526 -11.539158 1.356587
5.690000 0.915287 -11.645397 1.528203
5.695000 0.768188 -11.727119 1.691647
5.700000 0.743671 -11.751636 1.846919
5.705000 0.760015 -11.727119 1.863263
5.710000 0.849910 -11.669913 1.830575
5.715000 0.923460 -11.580019 1.748853
5.720000 0.947976 -11.473780 1.650786
5.725000 1.046043 -11.359370 1.593581
5.730000 1.054215 -11.212270 1.577236
5.735000 1.021526 -11.073342 1.495514
5.740000 0.972493 -10.762798 1.430136
5.745000 0.841737 -10.296983 1.299381
5.750000 0.678293 -9.961922 1.152281
5.755000 0.531194 -9.626861 1.119593
5.760000 0.433127 -9.332662 1.070559
5.765000 0.310544 -9.046635 0.988837
5.770000 0.155272 -8.785124 0.907115
5.775000 0.024517 -8.531785 0.800876
5.780000 -0.040861 -8.392858 0.792704
5.785000 -0.057205 -8.294791 0.735499
5.790000 -0.032689 -8.196725 0.678293
5.795000 -0.032689 -8.172208 0.645604
5.800000 0.081722 -8.172208 0.621088
5.805000 0.155272 -8.180381 0.629260
5.810000 0.179789 -8.204897 0.621088
5.815000 0.212477 -8.229414 0.670121
5.820000 0.269683 -8.343825 0.710982
5.825000 0.294199 -8.474580 0.809049
5.830000 0.261511 -8.638024 1.021526
5.835000 0.269683 -8.776952 1.193142
5.840000 0.294199 -8.915879 1.299381
5.845000 0.408610 -9.013946 1.323898
5.850000 0.482160 -9.079323 1.340242
5.855000 0.588399 -9.128357 1.348414
5.860000 0.678293 -9.185562 1.389275
5.865000 0.653777 -9.275456 1.446481
5.870000 0.645604 -9.332662 1.479170
5.875000 0.678293 -9.504278 1.503686
5.880000 0.727327 -9.569656 1.479170
5.885000 0.800876 -9.643206 1.454653
5.890000 0.915287 -9.724928 1.389275
5.895000 0.997009 -9.855683 1.389275
5.900000 1.095076 -9.970094 1.397448
5.905000 1.046043 -9.994611 1.397448
5.910000 0.988837 -10.002783 1.413792
5.915000 0.833565 -9.896544 1.340242
5.920000 0.678293 -9.659550 1.250348
5.925000 0.498505 -9.406212 1.184970
5.930000 0.441299 -9.152873 1.062387
5.935000 0.457644 -8.932224 0.939804
5.940000 0.514849 -8.891363 0.825393
5.945000 0.572055 -8.817813 0.694638
5.950000 0.645604 -8.776952 0.580227
5.955000 0.588399 -8.744263 0.531194
5.960000 0.457644 -8.793296 0.547538
5.965000 0.351405 -8.948568 0.670121
5.970000 0.286027 -9.079323 0.760015
5.975000 0.204305 -9.177390 0.776360
5.980000 0.212477 -9.169218 0.882598
5.985000 0.318716 -9.259112 0.972493
5.990000 0.367749 -9.316317 1.037870
5.995000 0.465816 -9.496106 1.037870
6.000000 0.629260 -9.569656 1.029698
6.005000 0.694638 -9.635034 0.784532
6.010000 0.915287 -9.700411 0.547538
6.015000 1.103248 -9.733100 0.392266
6.020000 1.242176 -9.790306 0.245166
6.025000 1.242176 -9.724928 0.155272
6.030000 1.135937 -9.594173 0.294199
6.035000 0.874426 -9.487934 0.637432
6.040000 0.457644 -9.406212 1.070559
6.045000 0.032689 -9.357179 1.528203
6.050000 -0.261511 -9.357179 1.912297
6.055000 -0.392266 -9.430728 2.149291
6.060000 -0.310544 -9.487934 2.231013
6.065000 -0.040861 -9.806650 2.222841
6.070000 0.261511 -10.141711 2.002191
6.075000 0.719154 -10.452254 1.871436
6.080000 1.119593 -10.779143 1.560892
6.085000 1.405620 -11.204098 1.438309
6.090000 1.552720 -11.555503 1.258520
6.095000 1.413792 -12.054007 1.274865
6.100000 1.184970 -12.282829 1.397448
6.105000 0.849910 -12.348207 1.372931
6.110000 0.523021 -12.307346 1.283037
6.115000 0.302372 -12.062179 1.168626
6.120000 0.130755 -11.890563 1.037870
6.125000 -0.040861 -11.571847 0.898943
6.130000 -0.147100 -11.277647 0.694638
6.135000 -0.294199 -10.991620 0.694638
6.140000 -0.449471 -10.803659 0.727327
6.145000 -0.531194 -10.697421 0.686466
6.150000 -0.539366 -10.525804 0.661949
6.155000 -0.506677 -10.354188 0.735499
6.160000 -0.498505 -10.182572 0.841737
6.165000 -0.465816 -10.059988 0.988837
6.170000 -0.392266 -9.912889 1.037870
6.175000 -0.277855 -9.757617 1.127765
6.180000 -0.114411 -9.512450 1.095076
6.185000 0.155272 -9.381695 1.037870
6.190000 0.375922 -9.177390 1.054215
6.195000 0.555710 -9.005774 1.144109
6.200000 0.523021 -8.842329 1.234003
6.205000 0.375922 -8.793296 1.389275
6.210000 0.220650 -8.736091 1.577236
6.215000 0.008172 -8.752435 1.740680
6.220000 0.008172 -8.801468 1.904125
6.225000 -0.040861 -8.940396 2.043052
6.230000 0.016344 -9.046635 2.083913
6.235000 0.163444 -9.193734 2.108430
6.240000 0.318716 -9.381695 2.092085
6.245000 0.392266 -9.586000 2.075741
6.250000 0.490333 -9.749445 2.116602
6.255000 0.424955 -9.872028 2.043052
6.260000 0.286027 -9.912889 2.026708
6.265000 0.122583 -9.929233 1.928641
6.270000 -0.081722 -9.782133 1.855091
6.275000 -0.310544 -9.675895 1.822402
6.280000 -0.498505 -9.520623 1.757025
6.285000 -0.694638 -9.349006 1.707992
6.290000 -0.751843 -9.169218 1.601753
6.295000 -0.784532 -9.038462 1.650786
6.300000 -0.760015 -8.850502 1.618097
6.305000 -0.751843 -8.646196 1.560892
6.310000 -0.809049 -8.499097 1.577236
6.315000 -0.833565 -8.417375 1.642614
6.320000 -0.915287 -8.319308 1.699819
6.325000 -0.964321 -8.237586 1.765197
6.330000 -0.947976 -8.131347 1.846919
6.335000 -0.980665 -8.057797 1.912297
6.340000 -0.997009 -8.041453 1.904125
6.345000 -0.972493 -8.065970 1.936813
6.350000 -0.849910 -8.172208 2.018535
6.355000 -0.743671 -8.294791 2.043052
6.360000 -0.678293 -8.417375 2.083913
6.365000 -0.653777 -8.515441 2.165635
6.370000 -0.596571 -8.646196 2.280046
6.375000 -0.596571 -8.744263 2.386285
6.380000 -0.637432 -8.736091 2.394457
6.385000 -0.686466 -8.776952 2.517040
6.390000 -0.751843 -8.834157 2.631451
6.395000 -0.817221 -8.858674 2.664140
6.400000 -0.800876 -8.915879 2.664140
6.405000 -0.792704 -8.940396 2.557901
6.410000 -0.653777 -8.932224 2.443490
6.415000 -0.523021 -8.907707 2.304563
6.420000 -0.441299 -8.940396 2.190152
6.425000 -0.433127 -9.046635 2.108430
6.430000 -0.416783 -9.193734 2.100258
6.435000 -0.547538 -9.422556 2.075741
6.440000 -0.678293 -9.765789 2.043052
6.445000 -0.776360 -10.059988 1.977674
6.450000 -0.768188 -10.444082 1.953158
6.455000 -0.760015 -10.730110 1.879608
6.460000 -0.710982 -10.860865 1.716164
6.465000 -0.563882 -11.065170 1.372931
6.470000 -0.572055 -10.967104 1.127765
6.475000 -0.596571 -10.795487 0.964321
6.480000 -0.645604 -10.566665 0.931632
6.485000 -0.849910 -10.207088 1.013354
6.490000 -1.095076 -9.912889 1.258520
6.495000 -1.364759 -9.716756 1.438309
6.500000 -1.650786 -9.545139 1.520031
6.505000 -1.781541 -9.438901 1.536375
6.510000 -1.740680 -9.340834 1.389275
6.515000 -1.462825 -9.267284 1.225831
6.520000 -1.111420 -9.201907 0.997009
6.525000 -0.653777 -9.046635 0.580227
6.530000 -0.106239 -8.956740 0.392266
6.535000 0.147100 -8.899535 0.351405
6.540000 0.245166 -8.989429 0.400438
6.545000 0.130755 -9.201907 0.563882
6.550000 -0.089894 -9.594173 0.866254
6.555000 -0.302372 -10.035472 1.152281
6.560000 -0.416783 -10.533977 1.421964
6.565000 -0.416783 -10.942587 1.642614
6.570000 -0.269683 -11.441092 1.887780
6.575000 -0.065378 -11.825185 2.043052
6.580000 0.122583 -12.152074 2.075741
6.585000 0.212477 -12.536168 2.100258
6.590000 0.245166 -12.887573 2.026708
6.595000 0.416783 -13.018328 1.855091
6.600000 0.449471 -12.830367 1.601753
6.605000 0.482160 -12.724128 1.111420
6.610000 0.433127 -12.209279 0.710982
6.615000 0.286027 -11.718947 0.465816
6.620000 -0.171616 -11.375714 0.212477
6.625000 -0.563882 -11.212270 0.065378
6.630000 -0.964321 -10.999792 -0.008172
6.635000 -1.356587 -10.762798 -0.073550
6.640000 -1.699819 -10.550321 -0.171616
6.645000 -1.895952 -10.247949 -0.228822
6.650000 -1.969502 -9.945578 -0.359577
6.655000 -1.994019 -9.545139 -0.375922
6.660000 -1.953158 -9.365351 -0.302372
6.665000 -1.806058 -9.201907 -0.261511
6.670000 -1.642614 -9.128357 -0.138928
6.675000 -1.552720 -9.308145 0.057205
6.680000 -1.397448 -9.479762 0.138928
6.685000 -1.217659 -9.635034 0.163444
6.690000 -0.956148 -9.806650 0.196133
6.695000 -0.678293 -9.978266 0.261511
6.700000 -0.457644 -10.092677 0.318716
6.705000 -0.138928 -10.239777 0.392266
6.710000 0.073550 -10.386877 0.596571
6.715000 0.187961 -10.525804 0.800876
6.720000 0.277855 -10.664732 1.013354
6.725000 0.318716 -10.770971 1.225831
6.730000 0.326888 -10.869037 1.454653
6.735000 0.343233 -10.950759 1.634442
6.740000 0.465816 -10.958931 1.765197
6.745000 0.686466 -10.967104 1.855091
6.750000 0.817221 -10.860865 1.814230
6.755000 0.972493 -10.844520 1.855091
6.760000 1.037870 -10.820004 1.879608
6.765000 1.086904 -10.770971 1.871436
6.770000 1.054215 -10.681076 1.822402
6.775000 0.939804 -10.501288 1.757025
6.780000 0.841737 -10.272466 1.675303
6.785000 0.702810 -10.084505 1.609925
6.790000 0.539366 -9.757617 1.536375
6.795000 0.433127 -9.455245 1.413792
6.800000 0.335061 -9.095668 1.283037
6.805000 0.326888 -8.785124 1.062387
6.810000 0.269683 -8.523613 0.980665
6.815000 0.253338 -8.286619 0.874426
6.820000 0.155272 -8.106831 0.915287
6.825000 0.163444 -7.992420 0.931632
6.830000 0.049033 -7.837148 0.915287
6.835000 -0.122583 -7.730909 0.890771
6.840000 -0.277855 -7.624670 0.923460
6.845000 -0.367749 -7.575637 0.988837
6.850000 -0.498505 -7.575637 1.046043
6.855000 -0.490333 -7.583809 1.046043
6.860000 -0.441299 -7.583809 1.054215
6.865000 -0.375922 -7.624670 1.095076
6.870000 -0.343233 -7.804459 1.152281
6.875000 -0.343233 -8.033281 1.266692
6.880000 -0.318716 -8.351997 1.454653
6.885000 -0.277855 -8.638024 1.601753
6.890000 -0.204305 -8.875018 1.716164
6.895000 -0.179789 -9.062979 1.781541
6.900000 -0.179789 -9.250940 1.814230
6.905000 -0.138928 -9.471589 1.904125
6.910000 0.008172 -9.569656 1.830575
6.915000 0.171616 -9.659550 1.765197
6.920000 0.400438 -9.749445 1.716164
6.925000 0.531194 -9.847511 1.732508
6.930000 0.678293 -9.880200 1.732508
6.935000 0.653777 -9.888372 1.757025
6.940000 0.572055 -9.896544 1.789714
6.945000 0.482160 -9.872028 1.781541
6.950000 0.408610 -9.724928 1.716164
6.955000 0.277855 -9.561484 1.552720
6.960000 0.187961 -9.389867 1.462825
6.965000 0.016344 -9.218251 1.397448
6.970000 -0.016344 -9.038462 1.372931
6.975000 -0.130755 -8.981257 1.242176
6.980000 -0.245166 -8.858674 1.283037
6.985000 -0.286027 -8.776952 1.413792
6.990000 -0.392266 -8.825985 1.389275
6.995000 -0.392266 -8.989429 1.364759
7.000000 -0.277855 -9.169218 1.503686
7.005000 -0.163444 -9.447073 1.487342
7.010000 -0.171616 -9.586000 1.430136
7.015000 -0.130755 -9.536967 1.397448
7.020000 -0.138928 -9.577828 1.405620
7.025000 -0.089894 -9.626861 1.446481
7.030000 -0.073550 -9.692239 1.405620
7.035000 -0.032689 -9.675895 1.372931
7.040000 -0.057205 -9.602345 1.176798
7.045000 0.000000 -9.561484 1.021526
7.050000 0.040861 -9.479762 0.800876
7.055000 0.032689 -9.316317 0.588399
7.060000 0.016344 -9.218251 0.433127
7.065000 -0.024517 -9.022118 0.351405
7.070000 -0.016344 -8.973085 0.416783
7.075000 0.073550 -9.013946 0.580227
7.080000 0.081722 -9.054807 0.882598
7.085000 -0.032689 -9.218251 1.168626
7.090000 -0.187961 -9.479762 1.618097
7.095000 -0.277855 -9.586000 1.887780
7.100000 -0.261511 -9.594173 2.043052
7.105000 -0.106239 -9.684067 2.149291
7.110000 0.040861 -9.831167 2.247357
7.115000 0.245166 -10.002783 2.280046
7.120000 0.424955 -10.256121 2.173807
7.125000 0.563882 -10.574838 1.994019
7.130000 0.735499 -10.746454 1.855091
7.135000 0.833565 -10.820004 1.716164
7.140000 0.858082 -10.836348 1.683475
7.145000 0.784532 -10.803659 1.642614
7.150000 0.621088 -10.746454 1.707992
7.155000 0.351405 -10.648387 1.675303
7.160000 0.049033 -10.476771 1.634442
7.165000 -0.179789 -10.264294 1.577236
7.170000 -0.253338 -10.084505 1.462825
7.175000 -0.269683 -9.921061 1.250348
7.180000 -0.408610 -9.814822 1.152281
7.185000 -0.416783 -9.773961 1.119593
7.190000 -0.416783 -9.757617 1.005182
7.195000 -0.416783 -9.749445 0.890771
7.200000 -0.400438 -9.782133 0.915287
7.205000 -0.457644 -9.839339 0.947976
7.210000 -0.498505 -9.904716 1.054215
7.215000 -0.539366 -9.921061 1.135937
7.220000 -0.588399 -9.945578 1.234003
7.225000 -0.629260 -10.010955 1.381103
7.230000 -0.563882 -9.970094 1.397448
7.235000 -0.449471 -9.872028 1.340242
7.240000 -0.359577 -9.716756 1.242176
7.245000 -0.286027 -9.520623 1.160454
7.250000 -0.179789 -9.283629 1.193142
7.255000 -0.138928 -9.095668 1.242176
7.260000 -0.261511 -8.964913 1.430136
7.265000 -0.392266 -8.858674 1.536375
7.270000 -0.580227 -8.776952 1.609925
7.275000 -0.670121 -8.793296 1.773369
7.280000 -0.604743 -8.817813 1.830575
7.285000 -0.531194 -8.875018 1.855091
7.290000 -0.441299 -8.899535 1.838747
7.295000 -0.343233 -8.989429 1.830575
7.300000 -0.318716 -9.218251 1.838747
7.305000 -0.318716 -9.479762 1.895952
7.310000 -0.335061 -9.692239 1.920469
7.315000 -0.375922 -9.773961 1.863263
7.320000 -0.416783 -9.814822 1.797886
7.325000 -0.359577 -9.782133 1.765197
7.330000 -0.416783 -9.749445 1.658958
7.335000 -0.547538 -9.618689 1.593581
7.340000 -0.645604 -9.463417 1.569064
7.345000 -0.776360 -9.316317 1.560892
7.350000 -0.980665 -9.095668 1.503686
7.355000 -1.176798 -8.940396 1.528203
7.360000 -1.242176 -8.719746 1.462825
7.365000 -1.258520 -8.613508 1.381103
7.370000 -1.184970 -8.490924 1.299381
7.375000 -1.021526 -8.417375 1.323898
7.380000 -1.005182 -8.441891 1.405620
7.385000 -0.947976 -8.441891 1.454653
7.390000 -0.866254 -8.458236 1.511859
7.395000 -0.784532 -8.458236 1.560892
7.400000 -0.784532 -8.490924 1.577236
7.405000 -0.710982 -8.499097 1.593581
7.410000 -0.612916 -8.507269 1.609925
7.415000 -0.580227 -8.490924 1.699819
7.420000 -0.555710 -8.564474 1.846919
7.425000 -0.555710 -8.605335 1.944986
7.430000 -0.539366 -8.768780 2.092085
7.435000 -0.490333 -8.973085 2.247357
7.440000 -0.449471 -9.185562 2.271874
7.445000 -0.375922 -9.308145 2.288218
7.450000 -0.294199 -9.520623 2.304563
7.455000 -0.130755 -9.569656 2.255530
7.460000 -0.049033 -9.692239 2.214668
7.465000 0.016344 -9.749445 2.116602
7.470000 0.065378 -9.872028 1.994019
7.475000 0.130755 -9.961922 1.912297
7.480000 0.196133 -10.043644 1.879608
7.485000 0.065378 -10.027300 1.806058
7.490000 -0.081722 -9.978266 1.773369
7.495000 -0.212477 -9.937405 1.724336
7.500000 -0.400438 -9.904716 1.683475
7.505000 -0.498505 -9.839339 1.511859
7.510000 -0.555710 -9.782133 1.315726
7.515000 -0.580227 -9.700411 1.176798
7.520000 -0.523021 -9.626861 0.997009
7.525000 -0.441299 -9.569656 0.817221
7.530000 -0.228822 -9.528795 0.694638
7.535000 -0.049033 -9.536967 0.645604
7.540000 -0.008172 -9.594173 0.710982
7.545000 -0.024517 -9.700411 0.768188
7.550000 -0.122583 -9.700411 0.735499
7.555000 -0.335061 -9.708583 0.776360
7.560000 -0.547538 -9.708583 0.809049
7.565000 -0.678293 -9.651378 0.792704
7.570000 -0.727327 -9.594173 0.735499
7.575000 -0.776360 -9.561484 0.702810
7.580000 -0.858082 -9.520623 0.694638
7.585000 -0.866254 -9.602345 0.694638
7.590000 -0.833565 -9.602345 0.612916
7.595000 -0.629260 -9.626861 0.506677
7.600000 -0.392266 -9.684067 0.408610
7.605000 -0.098067 -9.716756 0.277855
7.610000 0.130755 -9.880200 0.220650
7.615000 0.531194 -9.978266 0.228822
7.620000 0.800876 -10.117194 0.228822
7.625000 0.980665 -10.329671 0.343233
7.630000 1.135937 -10.648387 0.457644
7.635000 1.242176 -11.016137 0.596571
7.640000 1.274865 -11.253131 0.760015
7.645000 1.184970 -11.465608 1.037870
7.650000 1.046043 -11.629052 1.274865
7.655000 0.923460 -11.874219 1.716164
7.660000 0.833565 -12.086696 1.912297
7.665000 0.719154 -12.291001 2.149291
7.670000 0.678293 -12.429929 2.124774
7.675000 0.800876 -12.454446 1.912297
7.680000 1.013354 -12.291001 1.381103
7.685000 1.184970 -11.996802 0.800876
7.690000 1.242176 -11.678086 0.261511
7.695000 1.266692 -11.530986 -0.122583
7.700000 1.127765 -11.302164 -0.326888
7.705000 0.809049 -11.163237 -0.449471
7.710000 0.408610 -11.032481 -0.498505
7.715000 -0.073550 -10.926243 -0.473988
7.720000 -0.604743 -10.787315 -0.506677
7.725000 -0.997009 -10.542149 -0.572055
7.730000 -1.274865 -10.378705 -0.727327
7.735000 -1.397448 -10.174399 -0.874426
7.740000 -1.462825 -10.059988 -1.062387
7.745000 -1.381103 -10.035472 -1.111420
7.750000 -1.266692 -10.076333 -1.168626
7.755000 -1.135937 -10.190744 -1.250348
7.760000 -0.997009 -10.378705 -1.144109
7.765000 -0.882598 -10.615699 -0.931632
7.770000 -0.800876 -10.885382 -0.735499
7.775000 -0.800876 -11.114203 -0.580227
7.780000 -0.743671 -11.285820 -0.416783
7.785000 -0.694638 -11.449264 -0.343233
7.790000 -0.637432 -11.457436 -0.335061
7.795000 -0.612916 -11.359370 -0.351405
7.800000 -0.555710 -11.269475 -0.286027
7.805000 -0.523021 -11.212270 -0.187961
7.810000 -0.441299 -11.179581 -0.057205
7.815000 -0.400438 -11.171409 0.065378
7.820000 -0.310544 -11.220442 0.179789
7.825000 -0.089894 -11.351197 0.335061
7.830000 0.155272 -11.490125 0.449471
7.835000 0.384094 -11.588191 0.547538
7.840000 0.523021 -11.669913 0.768188
7.845000 0.710982 -11.751636 0.939804
7.850000 0.800876 -11.710775 0.988837
7.855000 0.866254 -11.522814 0.947976
7.860000 0.874426 -11.277647 0.931632
7.865000 0.947976 -11.106031 0.923460
7.870000 1.013354 -10.787315 0.776360
7.875000 1.111420 -10.517632 0.637432
7.880000 1.152281 -10.280638 0.531194
7.885000 1.176798 -10.059988 0.572055
7.890000 1.152281 -9.929233 0.465816
7.895000 1.070559 -9.757617 0.367749
7.900000 0.866254 -9.602345 0.286027
7.905000 0.686466 -9.504278 0.245166
7.910000 0.490333 -9.389867 0.163444
7.915000 0.269683 -9.136529 0.089894
7.920000 0.130755 -8.850502 -0.040861
7.925000 0.016344 -8.588991 -0.106239
7.930000 0.040861 -8.401030 -0.187961
7.935000 0.155272 -8.384686 -0.335061
7.940000 0.326888 -8.425547 -0.302372
7.945000 0.416783 -8.580819 -0.179789
7.950000 0.441299 -8.842329 -0.016344
7.955000 0.375922 -9.022118 0.122583
7.960000 0.277855 -9.259112 0.253338
7.965000 0.138928 -9.471589 0.400438
7.970000 0.024517 -9.651378 0.457644
7.975000 -0.057205 -9.724928 0.441299
7.980000 -0.204305 -9.708583 0.392266
7.985000 -0.335061 -9.700411 0.326888
7.990000 -0.457644 -9.586000 0.294199
7.995000 -0.433127 -9.602345 0.236994
8.000000 -0.269683 -9.594173 0.065378
8.005000 0.073550 -9.651378 0.008172
8.010000 0.261511 -9.749445 0.057205
8.015000 0.343233 -9.904716 0.106239
8.020000 0.286027 -10.051816 0.179789
8.025000 0.147100 -10.190744 0.318716
8.030000 0.008172 -10.239777 0.384094
8.035000 -0.130755 -10.166227 0.359577
8.040000 -0.335061 -9.945578 0.351405
8.045000 -0.498505 -9.675895 0.310544
8.050000 -0.555710 -9.365351 0.236994
8.055000 -0.563882 -9.079323 0.155272
8.060000 -0.490333 -8.834157 0.106239
8.065000 -0.416783 -8.736091 0.122583
8.070000 -0.310544 -8.768780 0.236994
8.075000 -0.277855 -8.858674 0.384094
8.080000 -0.187961 -9.005774 0.400438
8.085000 -0.073550 -9.144701 0.400438
8.090000 -0.016344 -9.259112 0.375922
8.095000 0.016344 -9.406212 0.375922
8.100000 0.040861 -9.463417 0.359577
8.105000 0.016344 -9.389867 0.286027
8.110000 0.000000 -9.406212 0.220650
8.115000 -0.122583 -9.398040 0.236994
8.120000 -0.114411 -9.389867 0.228822
8.125000 -0.147100 -9.316317 0.179789
8.130000 -0.138928 -9.226423 0.138928
8.135000 -0.081722 -9.226423 0.171616
8.140000 -0.049033 -9.283629 0.212477
8.145000 0.008172 -9.316317 0.187961
8.150000 0.065378 -9.422556 0.171616
8.155000 0.049033 -9.561484 0.179789
8.160000 0.122583 -9.684067 0.196133
8.165000 0.220650 -9.757617 0.171616
8.170000 0.294199 -9.872028 0.081722
8.175000 0.392266 -9.978266 -0.155272
8.180000 0.498505 -9.872028 -0.473988
8.185000 0.612916 -9.692239 -0.841737
8.190000 0.678293 -9.291801 -1.152281
8.195000 0.539366 -8.907707 -1.144109
8.200000 0.236994 -8.458236 -1.054215
8.205000 -0.138928 -8.008764 -0.776360
8.210000 -0.555710 -7.583809 -0.416783
8.215000 -0.972493 -7.248749 0.073550
8.220000 -1.381103 -6.970894 0.539366
8.225000 -1.536375 -6.946377 0.997009
8.230000 -1.552720 -7.126166 1.413792
8.235000 -1.462825 -7.387676 1.757025
8.240000 -1.144109 -7.690048 1.879608
8.245000 -0.670121 -8.131347 1.855091
8.250000 -0.163444 -8.597163 1.740680
8.255000 0.343233 -9.169218 1.757025
8.260000 0.809049 -10.002783 1.716164
8.265000 1.193142 -10.656560 1.789714
8.270000 1.323898 -11.187753 1.855091
8.275000 1.340242 -11.539158 1.846919
8.280000 1.160454 -11.767980 1.781541
8.285000 0.931632 -11.849702 1.724336
8.290000 0.604743 -11.784324 1.675303
8.295000 0.269683 -11.588191 1.609925
8.300000 0.057205 -11.318509 1.340242
8.305000 -0.286027 -10.958931 1.258520
8.310000 -0.457644 -10.689248 1.135937
8.315000 -0.670121 -10.411393 1.111420
8.320000 -0.858082 -10.288810 1.037870
8.325000 -1.160454 -10.002783 1.005182
8.330000 -1.274865 -9.888372 0.931632
8.335000 -1.299381 -9.724928 0.743671
8.340000 -1.307553 -9.643206 0.743671
8.345000 -1.234003 -9.496106 0.596571
8.350000 -1.144109 -9.324490 0.514849
8.355000 -1.062387 -9.193734 0.547538
8.360000 -0.923460 -9.046635 0.596571
8.365000 -0.890771 -8.932224 0.670121
8.370000 -0.858082 -8.793296 0.751843
8.375000 -0.825393 -8.654369 0.890771
8.380000 -0.735499 -8.572647 1.046043
8.385000 -0.768188 -8.539958 1.209487
8.390000 -0.776360 -8.507269 1.405620
8.395000 -0.604743 -8.531785 1.495514
8.400000 -0.424955 -8.678885 1.593581
8.405000 -0.269683 -8.817813 1.675303
8.410000 -0.065378 -8.875018 1.724336
8.415000 0.098067 -8.964913 1.724336
8.420000 0.220650 -9.087496 1.707992
8.425000 0.408610 -9.185562 1.634442
8.430000 0.482160 -9.373523 1.683475
8.435000 0.531194 -9.643206 1.691647
8.440000 0.490333 -9.806650 1.724336
8.445000 0.482160 -10.002783 1.707992
8.450000 0.433127 -10.264294 1.944986
8.455000 0.359577 -10.378705 1.953158
8.460000 0.310544 -10.362360 1.830575
8.465000 0.236994 -10.354188 1.773369
8.470000 0.155272 -10.337844 1.757025
8.475000 0.098067 -10.329671 1.789714
8.480000 0.040861 -10.198916 1.797886
8.485000 -0.032689 -10.092677 1.748853
8.490000 -0.089894 -9.970094 1.707992
8.495000 -0.147100 -9.798478 1.658958
8.500000 -0.179789 -9.708583 1.560892
8.505000 -0.187961 -9.651378 1.626269
8.510000 -0.245166 -9.553312 1.658958
8.515000 -0.384094 -9.447073 1.577236
8.520000 -0.424955 -9.349006 1.569064
8.525000 -0.408610 -9.332662 1.601753
8.530000 -0.424955 -9.308145 1.593581
8.535000 -0.416783 -9.259112 1.511859
8.540000 -0.408610 -9.242768 1.479170
8.545000 -0.457644 -9.332662 1.495514
8.550000 -0.482160 -9.308145 1.552720
8.555000 -0.482160 -9.422556 1.552720
8.560000 -0.449471 -9.520623 1.503686
8.565000 -0.416783 -9.692239 1.585408
8.570000 -0.400438 -9.798478 1.609925
8.575000 -0.433127 -9.921061 1.609925
8.580000 -0.482160 -9.896544 1.593581
8.585000 -0.523021 -9.822994 1.577236
8.590000 -0.637432 -9.831167 1.642614
8.595000 -0.751843 -9.863855 1.716164
8.600000 -0.768188 -9.855683 1.748853
8.605000 -0.792704 -9.757617 1.675303
8.610000 -0.817221 -9.733100 1.675303
8.615000 -0.760015 -9.757617 1.691647
8.620000 -0.727327 -9.765789 1.707992
8.625000 -0.661949 -9.814822 1.699819
8.630000 -0.588399 -9.912889 1.765197
8.635000 -0.523021 -9.970094 1.765197
8.640000 -0.457644 -9.961922 1.814230
8.645000 -0.359577 -9.896544 1.830575
8.650000 -0.375922 -9.782133 1.789714
8.655000 -0.335061 -9.741272 1.724336
8.660000 -0.318716 -9.724928 1.609925
8.665000 -0.367749 -9.618689 1.593581
8.670000 -0.367749 -9.626861 1.585408
8.675000 -0.424955 -9.561484 1.470997
8.680000 -0.457644 -9.463417 1.421964
8.685000 -0.555710 -9.455245 1.381103
8.690000 -0.547538 -9.455245 1.495514
8.695000 -0.612916 -9.430728 1.479170
8.700000 -0.719154 -9.447073 1.454653
8.705000 -0.727327 -9.414384 1.462825
8.710000 -0.702810 -9.487934 1.503686
8.715000 -0.629260 -9.520623 1.438309
8.720000 -0.506677 -9.496106 1.340242
8.725000 -0.424955 -9.496106 1.217659
8.730000 -0.433127 -9.545139 1.258520
8.735000 -0.408610 -9.618689 1.307553
8.740000 -0.465816 -9.757617 1.299381
8.745000 -0.473988 -9.798478 1.242176
8.750000 -0.433127 -9.896544 1.184970
8.755000 -0.384094 -9.978266 1.029698
8.760000 -0.302372 -9.872028 1.021526
8.765000 -0.179789 -9.872028 0.947976
8.770000 -0.130755 -9.765789 0.768188
8.775000 -0.204305 -9.708583 0.710982
8.780000 -0.294199 -9.716756 0.907115
8.785000 -0.343233 -9.790306 1.005182
8.790000 -0.351405 -9.847511 1.029698
8.795000 -0.408610 -9.953750 1.127765
8.800000 -0.408610 -10.035472 1.176798
8.805000 -0.400438 -10.166227 1.283037
8.810000 -0.318716 -10.346016 1.413792
8.815000 -0.269683 -10.501288 1.511859
8.820000 -0.138928 -10.672904 1.585408
8.825000 -0.049033 -10.844520 1.634442
8.830000 -0.016344 -10.942587 1.642614
8.835000 -0.114411 -10.983448 1.528203
8.840000 -0.187961 -11.007965 1.446481
8.845000 -0.261511 -11.040653 1.438309
8.850000 -0.400438 -11.032481 1.283037
8.855000 -0.465816 -10.999792 1.152281
8.860000 -0.621088 -10.918070 1.021526
8.865000 -0.776360 -10.828176 0.939804
8.870000 -0.890771 -10.583010 0.784532
8.875000 -1.152281 -10.362360 0.784532
8.880000 -1.397448 -10.117194 0.694638
8.885000 -1.577236 -9.880200 0.653777
8.890000 -1.855091 -9.708583 0.694638
8.895000 -2.051224 -9.479762 0.653777
8.900000 -2.222841 -9.406212 0.751843
8.905000 -2.345424 -9.422556 0.890771
8.910000 -2.427146 -9.512450 1.078731
8.915000 -2.459835 -9.724928 1.225831
8.920000 -2.263702 -9.961922 1.266692
8.925000 -1.985847 -10.207088 1.283037
8.930000 -1.675303 -10.501288 1.299381
8.935000 -1.470997 -10.787315 1.291209
8.940000 -1.209487 -11.065170 1.193142
8.945000 -1.046043 -11.236786 1.193142
8.950000 -0.956148 -11.498297 1.258520
8.955000 -0.956148 -11.710775 1.201315
8.960000 -0.988837 -11.710775 1.070559
8.965000 -1.135937 -11.759808 0.972493
8.970000 -1.291209 -11.735291 0.931632
8.975000 -1.405620 -11.629052 0.817221
8.980000 -1.520031 -11.351197 0.572055
8.985000 -1.601753 -11.106031 0.498505
8.990000 -1.683475 -10.787315 0.416783
8.995000 -1.748853 -10.452254 0.318716
9.000000 -1.806058 -10.076333 0.310544
9.005000 -1.920469 -9.798478 0.326888
9.010000 -1.912297 -9.520623 0.245166
9.015000 -1.797886 -9.308145 0.318716
9.020000 -1.732508 -9.275456 0.384094
9.025000 -1.618097 -9.161046 0.351405
9.030000 -1.446481 -9.062979 0.375922
9.035000 -1.405620 -9.038462 0.498505
9.040000 -1.274865 -9.128357 0.743671
9.045000 -1.225831 -9.267284 0.849910
9.050000 -1.111420 -9.316317 0.947976
9.055000 -0.972493 -9.332662 1.021526
9.060000 -0.841737 -9.479762 1.168626
9.065000 -0.710982 -9.626861 1.372931
9.070000 -0.539366 -9.675895 1.511859
9.075000 -0.449471 -9.773961 1.577236
9.080000 -0.400438 -9.839339 1.699819
9.085000 -0.392266 -9.912889 1.797886
9.090000 -0.424955 -10.035472 1.846919
9.095000 -0.416783 -10.231605 1.928641
9.100000 -0.335061 -10.305155 1.928641
9.105000 -0.269683 -10.362360 1.887780
9.110000 -0.335061 -10.435910 1.920469
9.115000 -0.359577 -10.501288 1.912297
9.120000 -0.441299 -10.533977 1.871436
9.125000 -0.482160 -10.599354 1.855091
9.130000 -0.563882 -10.607526 1.797886
9.135000 -0.637432 -10.509460 1.757025
9.140000 -0.670121 -10.386877 1.691647
9.145000 -0.686466 -10.223433 1.569064
9.150000 -0.702810 -9.970094 1.413792
9.155000 -0.784532 -9.790306 1.250348
9.160000 -0.833565 -9.536967 1.103248
9.165000 -0.898943 -9.357179 1.070559
9.170000 -1.029698 -9.185562 1.037870
9.175000 -1.144109 -8.981257 0.866254
9.180000 -1.307553 -8.687057 0.792704
9.185000 -1.397448 -8.474580 0.760015
9.190000 -1.520031 -8.401030 0.874426
9.195000 -1.626269 -8.384686 0.923460
9.200000 -1.748853 -8.286619 0.809049
9.205000 -1.806058 -8.245758 1.005182
9.210000 -1.887780 -8.384686 1.217659
9.215000 -1.904125 -8.401030 0.972493
9.220000 -1.879608 -8.613508 1.299381
9.225000 -1.822402 -8.760607 1.323898
9.230000 -1.773369 -8.809641 1.217659
9.235000 -1.781541 -9.030290 1.332070
9.240000 -1.740680 -9.267284 1.479170
9.245000 -1.748853 -9.471589 1.520031
9.250000 -1.707992 -9.561484 1.462825
9.255000 -1.707992 -9.618689 1.389275
9.260000 -1.675303 -9.496106 1.381103
9.265000 -1.609925 -9.349006 1.381103
9.270000 -1.667131 -9.267284 1.430136
9.275000 -1.846919 -9.185562 1.511859
9.280000 -2.034880 -8.997601 1.511859
9.285000 -2.157463 -8.866846 1.536375
9.290000 -2.288218 -8.752435 1.495514
9.295000 -2.402629 -8.474580 1.389275
9.300000 -2.508868 -8.221242 1.307553
9.305000 -2.549729 -8.090486 1.274865
9.310000 -2.459835 -7.992420 1.209487
9.315000 -2.402629 -7.902525 1.242176
9.320000 -2.296391 -7.927042 1.299381
9.325000 -2.222841 -8.008764 1.413792
9.330000 -2.206496 -8.025109 1.544547
9.335000 -2.231013 -8.098658 1.650786
9.340000 -2.255530 -8.155864 1.781541
9.345000 -2.181980 -8.245758 1.887780
9.350000 -2.116602 -8.409202 1.953158
9.355000 -2.059396 -8.556302 1.977674
9.360000 -2.083913 -8.687057 2.092085
9.365000 -2.116602 -8.850502 2.214668
9.370000 -2.141119 -8.989429 2.386285
9.375000 -2.132946 -9.103840 2.418974
9.380000 -2.002191 -9.250940 2.427146
9.385000 -1.732508 -9.422556 2.418974
9.390000 -1.446481 -9.643206 2.443490
9.395000 -1.242176 -9.880200 2.468007
9.400000 -1.152281 -10.166227 2.517040
9.405000 -1.078731 -10.444082 2.492524
9.410000 -1.021526 -10.623871 2.549729
9.415000 -0.931632 -10.852693 2.647795
9.420000 -0.890771 -10.950759 2.590590
9.425000 -0.915287 -10.958931 2.492524
9.430000 -0.980665 -10.942587 2.443490
9.435000 -1.029698 -10.795487 2.353596
9.440000 -1.127765 -10.550321 2.239185
9.445000 -1.242176 -10.329671 2.100258
9.450000 -1.323898 -10.125366 2.010363
9.455000 -1.413792 -9.880200 1.887780
9.460000 -1.552720 -9.643206 1.887780
9.465000 -1.642614 -9.479762 1.912297
9.470000 -1.675303 -9.340834 1.928641
9.475000 -1.642614 -9.136529 1.944986
9.480000 -1.462825 -9.079323 1.985847
9.485000 -1.381103 -8.997601 2.075741
9.490000 -1.340242 -9.005774 2.100258
9.495000 -1.242176 -8.924051 2.108430
9.500000 -1.234003 -8.883190 2.149291
9.505000 -1.086904 -8.907707 2.239185
9.510000 -0.947976 -8.964913 2.288218
9.515000 -0.874426 -8.981257 2.312735
9.520000 -0.817221 -9.030290 2.337252
9.525000 -0.751843 -9.062979 2.459835
9.530000 -0.686466 -9.152873 2.549729
9.535000 -0.572055 -9.193734 2.533385
9.540000 -0.555710 -9.283629 2.582418
9.545000 -0.523021 -9.267284 2.582418
9.550000 -0.523021 -9.316317 2.549729
9.555000 -0.506677 -9.316317 2.508868
9.560000 -0.441299 -9.349006 2.500696
9.565000 -0.465816 -9.471589 2.484351
9.570000 -0.563882 -9.528795 2.492524
9.575000 -0.612916 -9.618689 2.459835
9.580000 -0.572055 -9.757617 2.443490
9.585000 -0.384094 -9.847511 2.427146
9.590000 -0.245166 -9.896544 2.361768
9.595000 -0.065378 -9.970094 2.345424
9.600000 -0.040861 -10.027300 2.369940
9.605000 -0.057205 -10.051816 2.304563
9.610000 -0.016344 -10.059988 2.345424
9.615000 -0.089894 -10.051816 2.459835
9.620000 -0.187961 -10.002783 2.557901
9.625000 -0.269683 -9.847511 2.508868
9.630000 -0.253338 -9.618689 2.451662
9.635000 -0.277855 -9.414384 2.410801
9.640000 -0.286027 -9.210079 2.329079
9.645000 -0.302372 -8.981257 2.329079
9.650000 -0.351405 -8.801468 2.378113
9.655000 -0.351405 -8.613508 2.394457
9.660000 -0.351405 -8.490924 2.418974
9.665000 -0.359577 -8.409202 2.361768
9.670000 -0.335061 -8.384686 2.402629
9.675000 -0.326888 -8.499097 2.418974
9.680000 -0.294199 -8.588991 2.369940
9.685000 -0.294199 -8.621680 2.271874
9.690000 -0.245166 -8.654369 2.214668
9.695000 -0.196133 -8.776952 2.157463
9.700000 -0.204305 -8.875018 2.075741
9.705000 -0.089894 -8.964913 1.969502
9.710000 -0.073550 -9.013946 2.075741
9.715000 -0.065378 -9.169218 2.214668
9.720000 -0.089894 -9.242768 2.247357
9.725000 -0.073550 -9.185562 2.149291
9.730000 -0.040861 -9.177390 2.059396
9.735000 0.000000 -9.128357 2.043052
9.740000 0.024517 -9.136529 1.994019
9.745000 0.032689 -9.112012 1.969502
9.750000 0.016344 -9.087496 1.969502
9.755000 0.024517 -9.136529 1.944986
9.760000 -0.040861 -9.128357 1.928641
9.765000 -0.065378 -9.112012 1.904125
9.770000 -0.016344 -9.071151 1.863263
9.775000 0.024517 -8.997601 1.912297
9.780000 0.032689 -8.964913 1.928641
9.785000 0.016344 -8.940396 1.944986
9.790000 0.081722 -8.997601 2.026708
9.795000 0.016344 -8.981257 2.100258
9.800000 -0.024517 -8.924051 2.173807
9.805000 -0.073550 -8.899535 2.271874
9.810000 -0.098067 -8.948568 2.337252
9.815000 -0.032689 -8.956740 2.378113
9.820000 -0.032689 -8.948568 2.418974
9.825000 0.024517 -8.997601 2.369940
9.830000 0.106239 -9.038462 2.378113
9.835000 0.171616 -9.103840 2.378113
9.840000 0.220650 -9.193734 2.435318
9.845000 0.277855 -9.218251 2.492524
9.850000 0.351405 -9.308145 2.500696
9.855000 0.351405 -9.357179 2.557901
9.860000 0.310544 -9.504278 2.615107
9.865000 0.294199 -9.594173 2.680484
9.870000 0.220650 -9.626861 2.655968
9.875000 0.179789 -9.659550 2.655968
9.880000 0.147100 -9.765789 2.631451
9.885000 0.089894 -9.773961 2.557901
9.890000 0.081722 -9.790306 2.484351
9.895000 0.163444 -9.790306 2.410801
9.900000 0.081722 -9.880200 2.459835
9.905000 0.049033 -9.937405 2.508868
9.910000 0.040861 -9.888372 2.459835
9.915000 0.000000 -9.888372 2.557901
9.920000 -0.057205 -9.790306 2.606934
9.925000 -0.089894 -9.692239 2.606934
9.930000 -0.098067 -9.651378 2.655968
9.935000 -0.122583 -9.520623 2.655968
9.940000 -0.122583 -9.373523 2.647795
9.945000 -0.122583 -9.267284 2.672312
9.950000 -0.057205 -9.283629 2.729518
9.955000 0.057205 -9.299973 2.745862
9.960000 0.163444 -9.349006 2.745862
9.965000 0.318716 -9.414384 2.745862
9.970000 0.375922 -9.504278 2.803067
9.975000 0.277855 -9.528795 2.909306
9.980000 0.253338 -9.594173 2.966512
9.985000 0.220650 -9.651378 3.031889
9.990000 0.130755 -9.700411 3.097267
9.995000 0.065378 -9.692239 3.097267
10.000000 0.032689 -9.684067 3.072750
10.005000 -0.032689 -9.659550 3.015545
10.010000 -0.032689 -9.667722 3.031889
10.015000 -0.040861 -9.659550 2.958339
10.020000 -0.065378 -9.692239 2.876617
10.025000 -0.024517 -9.733100 2.819412
10.030000 0.000000 -9.790306 2.852101
10.035000 -0.040861 -9.921061 2.819412
10.040000 -0.024517 -9.937405 2.754034
10.045000 0.016344 -9.921061 2.696829
10.050000 0.008172 -9.847511 2.623279
10.055000 -0.024517 -9.790306 2.598762
10.060000 -0.130755 -9.684067 2.590590
10.065000 -0.179789 -9.569656 2.639623
10.070000 -0.212477 -9.455245 2.606934
10.075000 -0.204305 -9.373523 2.639623
10.080000 -0.277855 -9.308145 2.574246
10.085000 -0.335061 -9.218251 2.549729
10.090000 -0.384094 -9.210079 2.492524
10.095000 -0.367749 -9.152873 2.476179
10.100000 -0.416783 -9.128357 2.459835
10.105000 -0.367749 -9.161046 2.402629
10.110000 -0.294199 -9.161046 2.402629
10.115000 -0.179789 -9.201907 2.361768
10.120000 -0.147100 -9.316317 2.410801
10.125000 -0.106239 -9.471589 2.468007
10.130000 -0.073550 -9.586000 2.508868
10.135000 -0.228822 -9.692239 2.631451
10.140000 -0.343233 -9.724928 2.655968
10.145000 -0.400438 -9.692239 2.647795
10.150000 -0.531194 -9.626861 2.541557
10.155000 -0.506677 -9.479762 2.386285
10.160000 -0.523021 -9.357179 2.312735
10.165000 -0.506677 -9.242768 2.231013
10.170000 -0.539366 -9.136529 2.149291
10.175000 -0.531194 -9.185562 2.190152
10.180000 -0.465816 -9.308145 2.198324
10.185000 -0.359577 -9.414384 2.304563
10.190000 -0.245166 -9.602345 2.402629
10.195000 -0.196133 -9.790306 2.468007
10.200000 -0.122583 -9.847511 2.517040
10.205000 -0.049033 -9.888372 2.598762
10.210000 0.032689 -9.953750 2.655968
10.215000 0.032689 -9.953750 2.655968
10.220000 0.032689 -9.937405 2.590590
10.225000 0.057205 -9.839339 2.484351
10.230000 0.057205 -9.667722 2.353596
10.235000 0.073550 -9.610517 2.132946
10.240000 0.163444 -9.455245 1.904125
10.245000 0.277855 -9.365351 1.830575
10.250000 0.343233 -9.332662 1.797886
10.255000 0.318716 -9.357179 1.814230
10.260000 0.236994 -9.430728 1.994019
10.265000 0.114411 -9.520623 2.108430
10.270000 0.040861 -9.569656 2.157463
10.275000 -0.032689 -9.577828 2.190152
10.280000 -0.073550 -9.504278 2.157463
10.285000 -0.040861 -9.398040 2.026708
10.290000 -0.008172 -9.283629 1.969502
10.295000 -0.024517 -9.201907 1.855091
10.300000 0.024517 -9.136529 1.773369
10.305000 0.057205 -9.112012 1.765197
10.310000 0.081722 -9.185562 1.838747
10.315000 0.081722 -9.234595 1.920469
10.320000 -0.016344 -9.299973 2.002191
10.325000 -0.040861 -9.463417 1.969502
10.330000 -0.089894 -9.553312 1.985847
10.335000 -0.122583 -9.700411 1.961330
10.340000 -0.138928 -9.724928 1.904125
10.345000 -0.187961 -9.741272 1.781541
10.350000 -0.138928 -9.659550 1.626269
10.355000 -0.049033 -9.610517 1.544547
10.360000 0.032689 -9.635034 1.487342
10.365000 0.122583 -9.733100 1.544547
10.370000 0.187961 -9.880200 1.609925
10.375000 0.236994 -9.978266 1.675303
10.380000 0.179789 -10.109022 1.797886
10.385000 0.138928 -10.215260 1.822402
10.390000 0.122583 -10.305155 1.740680
10.395000 0.138928 -10.346016 1.691647
10.400000 0.114411 -10.370532 1.536375
10.405000 0.098067 -10.329671 1.413792
10.410000 0.024517 -10.362360 1.323898
10.415000 -0.040861 -10.378705 1.356587
10.420000 -0.024517 -10.460427 1.372931
10.425000 -0.008172 -10.493116 1.364759
10.430000 0.049033 -10.517632 1.470997
10.435000 0.089894 -10.623871 1.520031
10.440000 0.122583 -10.607526 1.520031
10.445000 0.147100 -10.599354 1.495514
10.450000 0.196133 -10.640215 1.479170
10.455000 0.187961 -10.656560 1.446481
10.460000 0.130755 -10.689248 1.413792
10.465000 0.114411 -10.615699 1.307553
10.470000 0.081722 -10.476771 1.201315
10.475000 0.114411 -10.321499 0.947976
10.480000 0.130755 -10.149883 0.907115
10.485000 0.073550 -10.051816 0.866254
10.490000 -0.016344 -9.961922 0.874426
10.495000 -0.196133 -9.822994 0.776360
10.500000 -0.343233 -9.765789 0.710982
10.505000 -0.400438 -9.700411 0.645604
10.510000 -0.424955 -9.684067 0.588399
10.515000 -0.408610 -9.504278 0.392266
10.520000 -0.384094 -9.373523 0.367749
10.525000 -0.318716 -9.349006 0.310544
10.530000 -0.433127 -9.308145 0.367749
10.535000 -0.539366 -9.349006 0.465816
10.540000 -0.612916 -9.365351 0.596571
10.545000 -0.670121 -9.414384 0.670121
10.550000 -0.702810 -9.463417 0.678293
10.555000 -0.719154 -9.545139 0.719154
10.560000 -0.661949 -9.594173 0.735499
10.565000 -0.572055 -9.692239 0.702810
10.570000 -0.359577 -9.765789 0.735499
10.575000 -0.171616 -9.790306 0.686466
10.580000 0.024517 -9.773961 0.645604
10.585000 0.081722 -9.716756 0.694638
10.590000 0.155272 -9.716756 0.727327
10.595000 0.187961 -9.684067 0.743671
10.600000 0.081722 -9.651378 0.841737
10.605000 0.098067 -9.553312 0.947976
10.610000 0.106239 -9.528795 0.947976
10.615000 0.089894 -9.406212 0.915287
10.620000 0.073550 -9.218251 0.898943
10.625000 0.179789 -9.079323 0.825393
10.630000 0.171616 -9.030290 0.800876
10.635000 0.236994 -8.932224 0.849910
10.640000 0.286027 -8.883190 0.923460
10.645000 0.236994 -8.915879 0.980665
10.650000 0.228822 -8.875018 1.062387
10.655000 0.212477 -8.850502 1.103248
10.660000 0.212477 -8.858674 1.111420
10.665000 0.294199 -8.891363 1.160454
10.670000 0.465816 -8.891363 1.062387
10.675000 0.661949 -8.907707 1.046043
10.680000 0.710982 -9.079323 1.070559
10.685000 0.678293 -9.430728 1.201315
10.690000 0.612916 -9.733100 1.405620
10.695000 0.465816 -10.059988 1.618097
10.700000 0.408610 -10.288810 1.707992
10.705000 0.384094 -10.403221 1.699819
10.710000 0.449471 -10.403221 1.593581
10.715000 0.367749 -10.403221 1.528203
10.720000 0.326888 -10.378705 1.348414
10.725000 0.114411 -10.166227 1.389275
10.730000 0.024517 -10.411393 1.209487
10.735000 -0.147100 -10.370532 1.323898
10.740000 -0.310544 -10.280638 1.176798
10.745000 -0.367749 -10.264294 1.119593
10.750000 -0.351405 -10.264294 1.111420
10.755000 -0.392266 -10.362360 1.168626
10.760000 -0.449471 -10.460427 1.111420
10.765000 -0.531194 -10.542149 1.209487
10.770000 -0.588399 -10.574838 1.201315
10.775000 -0.637432 -10.632043 1.111420
10.780000 -0.686466 -10.607526 1.062387
10.785000 -0.784532 -10.583010 1.013354
10.790000 -0.882598 -10.607526 0.980665
10.795000 -0.980665 -10.427738 0.939804
10.800000 -1.021526 -10.354188 0.858082
10.805000 -1.037870 -10.288810 0.858082
10.810000 -0.964321 -10.207088 0.849910
10.815000 -0.931632 -10.100849 0.923460
10.820000 -0.841737 -10.002783 0.939804
10.825000 -0.727327 -9.872028 0.931632
10.830000 -0.604743 -9.741272 0.964321
10.835000 -0.465816 -9.569656 1.054215
10.840000 -0.375922 -9.577828 1.037870
10.845000 -0.359577 -9.479762 1.021526
10.850000 -0.343233 -9.389867 1.046043
10.855000 -0.400438 -9.299973 1.078731
10.860000 -0.490333 -9.185562 1.135937
10.865000 -0.686466 -9.185562 1.176798
10.870000 -0.751843 -9.177390 1.184970
10.875000 -0.784532 -9.250940 1.201315
10.880000 -0.727327 -9.389867 1.176798
10.885000 -0.604743 -9.569656 1.070559
10.890000 -0.490333 -9.667722 1.225831
10.895000 -0.375922 -9.814822 1.217659
10.900000 -0.335061 -9.978266 1.176798
10.905000 -0.318716 -9.953750 1.168626
10.910000 -0.294199 -9.986439 1.070559
10.915000 -0.343233 -10.043644 1.070559
10.920000 -0.424955 -10.076333 1.095076
10.925000 -0.523021 -10.076333 1.037870
10.930000 -0.645604 -10.059988 0.972493
10.935000 -0.735499 -9.994611 0.882598
10.940000 -0.849910 -9.929233 0.849910
10.945000 -0.841737 -9.953750 0.890771
10.950000 -0.727327 -9.912889 0.800876
10.955000 -0.621088 -9.970094 0.694638
10.960000 -0.580227 -10.010955 0.661949
10.965000 -0.498505 -10.043644 0.768188
10.970000 -0.449471 -10.190744 0.809049
10.975000 -0.351405 -10.215260 0.792704
10.980000 -0.269683 -10.182572 0.760015
10.985000 -0.253338 -10.190744 0.735499
10.990000 -0.228822 -10.166227 0.694638
10.995000 -0.245166 -10.174399 0.760015
11.000000 -0.318716 -10.084505 0.792704
11.005000 -0.433127 -10.019127 0.710982
11.010000 -0.563882 -9.912889 0.702810
11.015000 -0.572055 -9.855683 0.743671
11.020000 -0.531194 -9.872028 0.833565
11.025000 -0.547538 -9.814822 0.898943
11.030000 -0.473988 -9.749445 0.792704
11.035000 -0.335061 -9.700411 0.743671
11.040000 -0.187961 -9.692239 0.784532
11.045000 -0.057205 -9.643206 0.686466
11.050000 -0.032689 -9.675895 0.678293
11.055000 -0.008172 -9.749445 0.760015
11.060000 0.049033 -9.822994 0.784532
11.065000 0.057205 -9.798478 0.800876
11.070000 0.081722 -9.822994 0.792704
11.075000 0.073550 -9.839339 0.849910
11.080000 0.130755 -9.847511 0.849910
11.085000 0.106239 -9.855683 0.898943
11.090000 0.057205 -9.773961 0.907115
11.095000 -0.065378 -9.708583 0.923460
11.100000 -0.212477 -9.635034 0.947976
11.105000 -0.286027 -9.561484 0.956148
11.110000 -0.359577 -9.496106 0.972493
11.115000 -0.416783 -9.438901 0.939804
11.120000 -0.416783 -9.357179 0.898943
11.125000 -0.408610 -9.365351 0.833565
11.130000 -0.359577 -9.438901 0.768188
11.135000 -0.367749 -9.520623 0.800876
11.140000 -0.400438 -9.618689 0.849910
11.145000 -0.424955 -9.659550 0.907115
