0.000000 -0.107512 -0.695339 -0.187099
0.005000 -0.115192 -0.684169 -0.191986
0.010000 -0.117984 -0.674395 -0.193382
0.015000 -0.120777 -0.662527 -0.188496
0.020000 -0.119381 -0.652055 -0.182212
0.025000 -0.117286 -0.645772 -0.178722
0.030000 -0.110305 -0.626224 -0.165457
0.035000 -0.101927 -0.610865 -0.152891
0.040000 -0.098437 -0.582940 -0.136136
0.045000 -0.102625 -0.559902 -0.126362
0.050000 -0.106814 -0.542448 -0.117984
0.055000 -0.113795 -0.532674 -0.113795
0.060000 -0.117286 -0.528486 -0.110305
0.065000 -0.122871 -0.518014 -0.108909
0.070000 -0.127758 -0.512429 -0.098437
0.075000 -0.133343 -0.501259 -0.083078
0.080000 -0.134041 -0.487296 -0.070511
0.085000 -0.132645 -0.481013 -0.060039
0.090000 -0.124267 -0.477522 -0.051662
0.095000 -0.112399 -0.478918 -0.041888
0.100000 -0.104022 -0.483107 -0.023736
0.105000 -0.092153 -0.487994 -0.011170
0.110000 -0.092153 -0.490787 -0.006283
0.115000 -0.097738 -0.493579 -0.003491
0.120000 -0.110305 -0.487994 -0.012566
0.125000 -0.129154 -0.489390 -0.026529
0.130000 -0.143815 -0.498466 -0.053058
0.135000 -0.156382 -0.501957 -0.085870
0.140000 -0.168948 -0.508240 -0.122871
0.145000 -0.173137 -0.513127 -0.151495
0.150000 -0.173835 -0.520108 -0.171740
0.155000 -0.164759 -0.521504 -0.181514
0.160000 -0.149400 -0.518014 -0.177325
0.165000 -0.127060 -0.510334 -0.168250
0.170000 -0.099135 -0.499862 -0.146608
0.175000 -0.070511 -0.489390 -0.125664
0.180000 -0.043982 -0.470541 -0.104022
0.185000 -0.019548 -0.460069 -0.083078
0.190000 0.002094 -0.445408 -0.066323
0.195000 0.021642 -0.437729 -0.056549
0.200000 0.037699 -0.427955 -0.048869
0.205000 0.051662 -0.415388 -0.039095
0.210000 0.053058 -0.411898 -0.041888
0.215000 0.041190 -0.410501 -0.039794
0.220000 0.032114 -0.411898 -0.050265
0.225000 0.025831 -0.420973 -0.063530
0.230000 0.011170 -0.424464 -0.068417
0.235000 0.003491 -0.430747 -0.072606
0.240000 -0.004189 -0.438427 -0.074002
0.245000 -0.018151 -0.441917 -0.064926
0.250000 -0.032114 -0.436332 -0.048171
0.255000 -0.040492 -0.430747 -0.038397
0.260000 -0.043982 -0.428653 -0.030718
0.265000 -0.042586 -0.425162 -0.030718
0.270000 -0.036303 -0.423068 -0.031416
0.275000 -0.019548 -0.420973 -0.034208
0.280000 -0.006981 -0.413992 -0.050265
0.285000 0.004887 -0.404916 -0.064926
0.290000 0.013963 -0.406313 -0.085870
0.295000 0.015359 -0.404916 -0.096342
0.300000 0.006283 -0.398633 -0.106116
0.305000 -0.007679 -0.390954 -0.106814
0.310000 -0.024435 -0.381180 -0.105418
0.315000 -0.030718 -0.376293 -0.103323
0.320000 -0.037699 -0.372104 -0.111003
0.325000 -0.045379 -0.374199 -0.119381
0.330000 -0.049567 -0.381878 -0.127060
0.335000 -0.045379 -0.386067 -0.133343
0.340000 -0.057945 -0.381180 -0.127060
0.345000 -0.054454 -0.374897 -0.119381
0.350000 -0.055152 -0.365821 -0.108909
0.355000 -0.055152 -0.360934 -0.101927
0.360000 -0.055152 -0.353953 -0.099833
0.365000 -0.058643 -0.354651 -0.092153
0.370000 -0.064926 -0.347670 -0.086568
0.375000 -0.067021 -0.352557 -0.087965
0.380000 -0.068417 -0.357443 -0.090059
0.385000 -0.072606 -0.358142 -0.090059
0.390000 -0.071209 -0.370010 -0.093550
0.395000 -0.063530 -0.378387 -0.094946
0.400000 -0.053058 -0.385369 -0.090059
0.405000 -0.041190 -0.397237 -0.087965
0.410000 -0.030718 -0.404916 -0.081681
0.415000 -0.020246 -0.413294 -0.082380
0.420000 -0.014661 -0.420973 -0.074002
0.425000 -0.003491 -0.429351 -0.071908
0.430000 -0.000698 -0.436332 -0.064926
0.435000 0.006283 -0.455880 -0.059341
0.440000 0.008378 -0.463559 -0.046077
0.445000 -0.004887 -0.458673 -0.036303
0.450000 -0.018850 -0.451691 -0.037699
0.455000 -0.041190 -0.432144 -0.041190
0.460000 -0.062134 -0.414690 -0.046775
0.465000 -0.076794 -0.386067 -0.071209
0.470000 -0.077493 -0.374199 -0.095644
0.475000 -0.069115 -0.370708 -0.116588
0.480000 -0.052360 -0.361632 -0.138928
0.485000 -0.032114 -0.365123 -0.163363
0.490000 -0.004189 -0.366519 -0.180118
0.495000 0.016057 -0.358142 -0.191986
0.500000 0.031416 -0.348368 -0.191288
0.505000 0.045379 -0.342085 -0.202458
0.510000 0.062134 -0.333707 -0.205251
0.515000 0.062832 -0.333707 -0.205251
0.520000 0.055152 -0.333009 -0.205251
0.525000 0.043982 -0.323933 -0.207345
0.530000 0.034907 -0.325329 -0.209440
0.535000 0.029322 -0.327424 -0.213628
0.540000 0.020944 -0.326726 -0.219213
0.545000 0.005585 -0.328122 -0.224798
0.550000 -0.011868 -0.344877 -0.234572
0.555000 -0.025133 -0.349764 -0.239459
0.560000 -0.030718 -0.359538 -0.241554
0.565000 -0.020944 -0.356047 -0.233874
0.570000 -0.014661 -0.352557 -0.222704
0.575000 -0.002094 -0.346273 -0.210138
0.580000 0.011868 -0.341386 -0.189194
0.585000 0.025133 -0.328820 -0.174533
0.590000 0.031416 -0.321141 -0.157778
0.595000 0.036303 -0.326726 -0.141023
0.600000 0.041888 -0.345575 -0.138928
0.605000 0.041888 -0.370010 -0.144513
0.610000 0.042586 -0.399331 -0.154985
0.615000 0.035605 -0.430049 -0.169646
0.620000 0.028623 -0.449597 -0.188496
0.625000 0.020246 -0.459371 -0.212930
0.630000 0.015359 -0.470541 -0.244346
0.635000 0.016057 -0.474031 -0.282743
0.640000 0.018850 -0.464258 -0.316952
0.645000 0.027925 -0.454484 -0.348368
0.650000 0.037001 -0.448899 -0.378387
0.655000 0.035605 -0.451691 -0.412596
0.660000 0.013963 -0.464258 -0.447502
0.665000 -0.022340 -0.481013 -0.492183
0.670000 -0.073304 -0.506844 -0.531976
0.675000 -0.138230 -0.530580 -0.561996
0.680000 -0.199666 -0.534769 -0.580846
0.685000 -0.265290 -0.531976 -0.586431
0.690000 -0.308574 -0.522203 -0.578751
0.695000 -0.332311 -0.499164 -0.554317
0.700000 -0.339990 -0.471937 -0.511032
0.705000 -0.330914 -0.446106 -0.460069
0.710000 -0.307178 -0.416785 -0.395841
0.715000 -0.272969 -0.388161 -0.335801
0.720000 -0.223402 -0.360934 -0.240855
0.725000 -0.173835 -0.327424 -0.164061
0.730000 -0.111003 -0.306480 -0.090059
0.735000 -0.062134 -0.283441 -0.022340
0.740000 -0.026529 -0.264592 0.043284
0.745000 0.002793 -0.247139 0.101229
0.750000 0.023736 -0.228289 0.144513
0.755000 0.048869 -0.209440 0.185703
0.760000 0.066323 -0.199666 0.205949
0.765000 0.078889 -0.201062 0.215723
0.770000 0.086568 -0.208741 0.219911
0.775000 0.085870 -0.220610 0.215723
0.780000 0.083078 -0.247837 0.207345
0.785000 0.076096 -0.277158 0.196175
0.790000 0.056549 -0.309272 0.186401
0.795000 0.030020 -0.342085 0.170344
0.800000 0.004189 -0.370708 0.154985
0.805000 -0.026529 -0.389557 0.145211
0.810000 -0.049567 -0.394444 0.143117
0.815000 -0.074002 -0.391652 0.139626
0.820000 -0.093550 -0.376293 0.136136
0.825000 -0.106116 -0.371406 0.137532
0.830000 -0.114494 -0.363727 0.145211
0.835000 -0.125664 -0.353953 0.143117
0.840000 -0.127758 -0.342085 0.134041
0.845000 -0.131947 -0.342085 0.131947
0.850000 -0.131947 -0.337896 0.128456
0.855000 -0.138928 -0.315556 0.120777
0.860000 -0.145211 -0.304385 0.120079
0.865000 -0.150098 -0.284140 0.108909
0.870000 -0.145910 -0.270177 0.101229
0.875000 -0.140324 -0.259007 0.090059
0.880000 -0.126362 -0.249233 0.082380
0.885000 -0.107512 -0.256214 0.074002
0.890000 -0.078889 -0.257611 0.062134
0.895000 -0.039095 -0.267384 0.058643
0.900000 0.020246 -0.282045 0.057945
0.905000 0.071209 -0.292517 0.060737
0.910000 0.108210 -0.302291 0.064926
0.915000 0.140324 -0.312065 0.068417
0.920000 0.168250 -0.325329 0.070511
0.925000 0.187099 -0.348368 0.069115
0.930000 0.199666 -0.363028 0.076096
0.935000 0.198968 -0.375595 0.076096
0.940000 0.191288 -0.394444 0.076794
0.945000 0.173835 -0.399331 0.071209
0.950000 0.154985 -0.409803 0.064228
0.955000 0.134041 -0.418879 0.058643
0.960000 0.111701 -0.425860 0.055851
0.965000 0.087266 -0.426558 0.052360
0.970000 0.064926 -0.427257 0.053756
0.975000 0.045379 -0.425162 0.052360
0.980000 0.041190 -0.434238 0.046775
0.985000 0.047473 -0.437729 0.048171
0.990000 0.050265 -0.435634 0.048869
0.995000 0.057945 -0.442615 0.055152
1.000000 0.065624 -0.444710 0.057247
1.005000 0.082380 -0.461465 0.054454
1.010000 0.096342 -0.476824 0.047473
1.015000 0.095644 -0.476824 0.041888
1.020000 0.094248 -0.487994 0.031416
1.025000 0.097738 -0.507542 0.009076
1.030000 0.095644 -0.524995 -0.010472
1.035000 0.082380 -0.534769 -0.027227
1.040000 0.064926 -0.541750 -0.035605
1.045000 0.046077 -0.548732 -0.050265
1.050000 0.033510 -0.561298 -0.064926
1.055000 0.025133 -0.574562 -0.083078
1.060000 0.023736 -0.592016 -0.088663
1.065000 0.027227 -0.603186 -0.086568
1.070000 0.030020 -0.618545 -0.073304
1.075000 0.035605 -0.633205 -0.057945
1.080000 0.036303 -0.637394 -0.040492
1.085000 0.041190 -0.641583 -0.009076
1.090000 0.043284 -0.633205 0.024435
1.095000 0.050964 -0.619243 0.066323
1.100000 0.062832 -0.616450 0.108909
1.105000 0.083776 -0.598997 0.150796
1.110000 0.111701 -0.590619 0.193382
1.115000 0.152193 -0.575959 0.226893
1.120000 0.179420 -0.578053 0.247139
1.125000 0.196873 -0.579449 0.262498
1.130000 0.208741 -0.590619 0.266686
1.135000 0.205251 -0.591318 0.264592
1.140000 0.190590 -0.603186 0.260403
1.145000 0.176627 -0.612262 0.267384
1.150000 0.166155 -0.628319 0.270177
1.155000 0.154985 -0.647168 0.278555
1.160000 0.146608 -0.675093 0.290423
1.165000 0.141023 -0.703019 0.304385
1.170000 0.136136 -0.728151 0.313461
1.175000 0.127060 -0.755379 0.323933
1.180000 0.114494 -0.788889 0.326028
1.185000 0.105418 -0.821701 0.329518
1.190000 0.088663 -0.841249 0.327424
1.195000 0.072606 -0.865683 0.320442
1.200000 0.053756 -0.903382 0.306480
1.205000 0.036303 -0.926421 0.296008
1.210000 0.021642 -0.949459 0.281347
1.215000 0.012566 -0.971799 0.273668
1.220000 0.005585 -0.994838 0.256214
1.225000 0.004189 -1.008800 0.246440
1.230000 0.011868 -1.019272 0.242950
1.235000 0.025133 -1.025555 0.238761
1.240000 0.035605 -1.029046 0.228289
1.245000 0.041190 -1.022763 0.216421
1.250000 0.045379 -1.013687 0.199666
1.255000 0.051662 -1.005310 0.173137
1.260000 0.058643 -0.992045 0.143117
1.265000 0.062832 -0.966912 0.113795
1.270000 0.061436 -0.943176 0.076794
1.275000 0.066323 -0.929213 0.041190
1.280000 0.068417 -0.913854 -0.004887
1.285000 0.062832 -0.907571 -0.064926
1.290000 0.051662 -0.903382 -0.113097
1.295000 0.040492 -0.901288 -0.154985
1.300000 0.037699 -0.898495 -0.201062
1.305000 0.034208 -0.889420 -0.245742
1.310000 0.030718 -0.881740 -0.283441
1.315000 0.025133 -0.858004 -0.318348
1.320000 0.032812 -0.818210 -0.340688
1.325000 0.039095 -0.770039 -0.353255
1.330000 0.049567 -0.699528 -0.349066
1.335000 0.086568 -0.644376 -0.323235
1.340000 0.135438 -0.587827 -0.282045
1.345000 0.189892 -0.534769 -0.229685
1.350000 0.248535 -0.495674 -0.171042
1.355000 0.303687 -0.465654 -0.112399
1.360000 0.344179 -0.449597 -0.059341
1.365000 0.364425 -0.444012 -0.016057
1.370000 0.365123 -0.445408 0.016755
1.375000 0.344179 -0.446804 0.048869
1.380000 0.306480 -0.450295 0.060039
1.385000 0.261101 -0.454484 0.067021
1.390000 0.212930 -0.453087 0.067719
1.395000 0.165457 -0.450993 0.066323
1.400000 0.112399 -0.452389 0.058643
1.405000 0.068417 -0.453786 0.045379
1.410000 0.039794 -0.460069 0.033510
1.415000 0.023038 -0.457276 0.016057
1.420000 0.004189 -0.451691 0.004887
1.425000 -0.002094 -0.444710 0.002793
1.430000 -0.009774 -0.441917 0.002094
1.435000 -0.025831 -0.445408 0.000000
1.440000 -0.048171 -0.449597 0.010472
1.445000 -0.071908 -0.460767 0.024435
1.450000 -0.089361 -0.469843 0.043284
1.455000 -0.105418 -0.483805 0.062134
1.460000 -0.129154 -0.490088 0.077493
1.465000 -0.150796 -0.487296 0.089361
1.470000 -0.157080 -0.476126 0.096342
1.475000 -0.153589 -0.473333 0.102625
1.480000 -0.137532 -0.470541 0.097040
1.485000 -0.119381 -0.471937 0.087266
1.490000 -0.097738 -0.471239 0.073304
1.495000 -0.069813 -0.469843 0.055851
1.500000 -0.040492 -0.467748 0.037699
1.505000 -0.000698 -0.471239 0.008378
1.510000 0.031416 -0.471239 -0.013265
1.515000 0.059341 -0.471239 -0.031416
1.520000 0.083078 -0.469843 -0.051662
1.525000 0.097040 -0.472635 -0.068417
1.530000 0.107512 -0.477522 -0.078191
1.535000 0.115890 -0.472635 -0.080983
1.540000 0.122173 -0.472635 -0.078889
1.545000 0.133343 -0.473333 -0.069115
1.550000 0.128456 -0.474031 -0.062832
1.555000 0.115890 -0.465654 -0.053756
1.560000 0.103323 -0.457974 -0.037001
1.565000 0.092153 -0.455880 -0.026529
1.570000 0.077493 -0.453087 -0.018151
1.575000 0.059341 -0.453087 -0.006283
1.580000 0.035605 -0.449597 0.000000
1.585000 0.013265 -0.457974 0.007679
1.590000 -0.005585 -0.460767 0.013265
1.595000 -0.026529 -0.459371 0.011868
1.600000 -0.040492 -0.448201 0.018151
1.605000 -0.060737 -0.437030 0.024435
1.610000 -0.072606 -0.428653 0.032114
1.615000 -0.079587 -0.425162 0.041888
1.620000 -0.091455 -0.413992 0.046775
1.625000 -0.090757 -0.406313 0.037699
1.630000 -0.098437 -0.394444 0.039794
1.635000 -0.104022 -0.389557 0.048171
1.640000 -0.092153 -0.390256 0.065624
1.645000 -0.077493 -0.388161 0.076096
1.650000 -0.068417 -0.390954 0.093550
1.655000 -0.050964 -0.397935 0.108909
1.660000 -0.041888 -0.404218 0.123569
1.665000 -0.034208 -0.404218 0.136136
1.670000 -0.026529 -0.407011 0.145910
1.675000 -0.025133 -0.406313 0.157778
1.680000 -0.010472 -0.407011 0.161268
1.685000 0.002094 -0.406313 0.165457
1.690000 0.031416 -0.390954 0.170344
1.695000 0.062832 -0.374897 0.173835
1.700000 0.103323 -0.353953 0.171740
1.705000 0.143815 -0.343481 0.164759
1.710000 0.178024 -0.333009 0.153589
1.715000 0.208043 -0.319744 0.141023
1.720000 0.235270 -0.309970 0.127758
1.725000 0.248535 -0.302291 0.120079
1.730000 0.245044 -0.300895 0.111003
1.735000 0.230383 -0.300895 0.098437
1.740000 0.215025 -0.309970 0.075398
1.745000 0.195477 -0.325329 0.054454
1.750000 0.165457 -0.337896 0.039095
1.755000 0.128456 -0.357443 0.022340
1.760000 0.091455 -0.372104 -0.006283
1.765000 0.059341 -0.389557 -0.021642
1.770000 0.050265 -0.391652 -0.041190
1.775000 0.039095 -0.383972 -0.063530
1.780000 0.032114 -0.372802 -0.085870
1.785000 0.024435 -0.360934 -0.108909
1.790000 0.012566 -0.355349 -0.131249
1.795000 0.000000 -0.347670 -0.148004
1.800000 -0.011170 -0.335103 -0.153589
1.805000 -0.018850 -0.316952 -0.142419
1.810000 -0.015359 -0.292517 -0.122173
1.815000 -0.014661 -0.277856 -0.093550
1.820000 -0.015359 -0.252026 -0.060737
1.825000 -0.008378 -0.233874 -0.025133
1.830000 -0.006283 -0.225497 0.000698
1.835000 -0.008378 -0.219911 0.027925
1.840000 -0.006981 -0.219213 0.041888
1.845000 -0.009076 -0.221308 0.057247
1.850000 -0.016755 -0.219911 0.067719
1.855000 -0.013963 -0.219213 0.071908
1.860000 -0.022340 -0.226195 0.076096
1.865000 -0.032812 -0.231082 0.075398
1.870000 -0.046775 -0.240855 0.071908
1.875000 -0.059341 -0.254818 0.067021
1.880000 -0.075398 -0.275064 0.062134
1.885000 -0.098437 -0.298800 0.054454
1.890000 -0.108909 -0.319744 0.041888
1.895000 -0.106116 -0.328820 0.032812
1.900000 -0.083776 -0.317650 0.027227
1.905000 -0.052360 -0.308574 0.023038
1.910000 -0.020246 -0.296706 0.024435
1.915000 0.014661 -0.284838 0.028623
1.920000 0.045379 -0.284140 0.030020
1.925000 0.069115 -0.285536 0.039794
1.930000 0.088663 -0.286932 0.058643
1.935000 0.097040 -0.284140 0.083776
1.940000 0.101927 -0.277158 0.106814
1.945000 0.098437 -0.276460 0.129154
1.950000 0.085870 -0.273668 0.143815
1.955000 0.068417 -0.274366 0.158476
1.960000 0.041190 -0.283441 0.163363
1.965000 0.016057 -0.302989 0.157778
1.970000 -0.001396 -0.311367 0.142419
1.975000 -0.018850 -0.314159 0.129154
1.980000 -0.027925 -0.300895 0.113795
1.985000 -0.025831 -0.287630 0.102625
1.990000 -0.020944 -0.275064 0.085870
1.995000 -0.018151 -0.279253 0.073304
2.000000 -0.027925 -0.271573 0.067719
2.005000 -0.039095 -0.272969 0.072606
2.010000 -0.050964 -0.278555 0.092153
2.015000 -0.072606 -0.281347 0.104022
2.020000 -0.090757 -0.284838 0.127060
2.025000 -0.099135 -0.284838 0.148004
2.030000 -0.092852 -0.270875 0.163363
2.035000 -0.079587 -0.257611 0.173835
2.040000 -0.057945 -0.241554 0.182911
2.045000 -0.028623 -0.217817 0.189194
2.050000 0.004887 -0.205949 0.184307
2.055000 0.046077 -0.197571 0.168948
2.060000 0.083776 -0.191986 0.155683
2.065000 0.113795 -0.185005 0.137532
2.070000 0.140324 -0.178024 0.131249
2.075000 0.152891 -0.175231 0.124267
2.080000 0.166155 -0.180816 0.126362
2.085000 0.173835 -0.185005 0.127060
2.090000 0.181514 -0.194779 0.134041
2.095000 0.194779 -0.208043 0.146608
2.100000 0.202458 -0.226195 0.158476
2.105000 0.203156 -0.235270 0.177325
2.110000 0.200364 -0.251327 0.198968
2.115000 0.191288 -0.265290 0.212232
2.120000 0.184307 -0.280649 0.212930
2.125000 0.175231 -0.307178 0.209440
2.130000 0.159174 -0.324631 0.201062
2.135000 0.145910 -0.342783 0.184307
2.140000 0.123569 -0.353255 0.165457
2.145000 0.106116 -0.372802 0.141721
2.150000 0.095644 -0.386067 0.119381
2.155000 0.084474 -0.393746 0.104720
2.160000 0.075398 -0.397935 0.090757
2.165000 0.067719 -0.405615 0.081681
2.170000 0.056549 -0.407011 0.074700
2.175000 0.046077 -0.413294 0.064926
2.180000 0.030718 -0.428653 0.050964
2.185000 0.015359 -0.440521 0.041190
2.190000 -0.002094 -0.456578 0.029322
2.195000 -0.016057 -0.476126 0.013265
2.200000 -0.026529 -0.490088 0.008378
2.205000 -0.035605 -0.497070 0.000698
2.210000 -0.036303 -0.499164 -0.003491
2.215000 -0.034208 -0.487994 -0.002094
2.220000 -0.033510 -0.479616 0.001396
2.225000 -0.022340 -0.466352 0.010472
2.230000 -0.012566 -0.460767 0.022340
2.235000 -0.006981 -0.455182 0.027925
2.240000 -0.008378 -0.464258 0.039794
2.245000 -0.002094 -0.478220 0.048869
2.250000 0.007679 -0.483107 0.064926
2.255000 0.023038 -0.492183 0.085172
2.260000 0.041190 -0.496372 0.100531
2.265000 0.057247 -0.494277 0.115192
2.270000 0.078191 -0.482409 0.137532
2.275000 0.102625 -0.462861 0.148004
2.280000 0.127060 -0.446804 0.159174
2.285000 0.156382 -0.428653 0.162665
2.290000 0.175929 -0.425162 0.158476
2.295000 0.186401 -0.426558 0.159872
2.300000 0.185005 -0.435634 0.158476
2.305000 0.171042 -0.453786 0.157080
2.310000 0.148004 -0.483107 0.154985
2.315000 0.119381 -0.517316 0.149400
2.320000 0.079587 -0.550128 0.148004
2.325000 0.045379 -0.576657 0.152193
2.330000 -0.000698 -0.618545 0.152193
2.335000 -0.033510 -0.652055 0.151495
2.340000 -0.065624 -0.673697 0.154287
2.345000 -0.091455 -0.686962 0.157080
2.350000 -0.112399 -0.693943 0.154287
2.355000 -0.127060 -0.696735 0.150098
2.360000 -0.134041 -0.696037 0.144513
2.365000 -0.141721 -0.691150 0.138230
2.370000 -0.144513 -0.671603 0.123569
2.375000 -0.153589 -0.659036 0.111003
2.380000 -0.162665 -0.634602 0.109607
2.385000 -0.177325 -0.619243 0.099833
2.390000 -0.189194 -0.608073 0.092153
2.395000 -0.198968 -0.595506 0.086568
2.400000 -0.220610 -0.579449 0.078889
2.405000 -0.242252 -0.566185 0.069813
2.410000 -0.264592 -0.552920 0.053058
2.415000 -0.295310 -0.550128 0.016057
2.420000 -0.322537 -0.555015 -0.022340
2.425000 -0.342783 -0.563392 -0.069115
2.430000 -0.348368 -0.559203 -0.112399
2.435000 -0.337896 -0.545241 -0.149400
2.440000 -0.312065 -0.528486 -0.182911
2.445000 -0.262498 -0.495674 -0.203854
2.450000 -0.200364 -0.458673 -0.215025
2.455000 -0.134041 -0.430049 -0.217817
2.460000 -0.057247 -0.392350 -0.205251
2.465000 -0.006283 -0.360934 -0.180816
2.470000 0.035605 -0.334405 -0.154985
2.475000 0.057247 -0.309970 -0.127060
2.480000 0.068417 -0.286234 -0.092153
2.485000 0.061436 -0.263196 -0.059341
2.490000 0.043284 -0.247837 -0.025133
2.495000 0.013265 -0.228987 0.002094
2.500000 -0.015359 -0.214326 0.012566
2.505000 -0.055152 -0.211534 0.014661
2.510000 -0.085870 -0.205251 0.023038
2.515000 -0.117984 -0.203156 0.019548
2.520000 -0.145211 -0.200364 0.015359
2.525000 -0.166853 -0.196873 0.010472
2.530000 -0.187099 -0.185703 0.005585
2.535000 -0.201760 -0.182911 0.003491
2.540000 -0.213628 -0.185703 0.004189
2.545000 -0.224100 -0.197571 0.003491
2.550000 -0.235270 -0.213628 0.001396
2.555000 -0.252724 -0.231780 0.001396
2.560000 -0.271573 -0.245742 0.002094
2.565000 -0.298800 -0.259007 0.005585
2.570000 -0.325329 -0.263196 0.000698
2.575000 -0.359538 -0.260403 -0.011868
2.580000 -0.383274 -0.256912 -0.020246
2.585000 -0.404916 -0.255516 -0.037001
2.590000 -0.409803 -0.251327 -0.047473
2.595000 -0.397935 -0.246440 -0.056549
2.600000 -0.375595 -0.242950 -0.055152
2.605000 -0.339990 -0.234572 -0.062832
2.610000 -0.286932 -0.229685 -0.063530
2.615000 -0.219911 -0.217119 -0.063530
2.620000 -0.164759 -0.208741 -0.068417
2.625000 -0.115192 -0.197571 -0.071908
2.630000 -0.067719 -0.185005 -0.080983
2.635000 -0.021642 -0.176627 -0.083776
2.640000 0.011868 -0.178024 -0.086568
2.645000 0.030718 -0.172439 -0.086568
2.650000 0.037001 -0.174533 -0.087965
2.655000 0.041888 -0.182212 -0.090757
2.660000 0.048869 -0.189892 -0.101229
2.665000 0.052360 -0.194779 -0.106814
2.670000 0.053756 -0.188496 -0.115192
2.675000 0.055851 -0.179420 -0.127060
2.680000 0.057247 -0.174533 -0.141721
2.685000 0.050964 -0.166155 -0.156382
2.690000 0.042586 -0.166853 -0.164061
2.695000 0.029322 -0.162665 -0.170344
2.700000 0.011868 -0.167552 -0.168250
2.705000 -0.009076 -0.178722 -0.166155
2.710000 -0.030718 -0.187099 -0.153589
2.715000 -0.050265 -0.189194 -0.134739
2.720000 -0.071209 -0.190590 -0.113795
2.725000 -0.089361 -0.185703 -0.094248
2.730000 -0.104022 -0.172439 -0.076096
2.735000 -0.117984 -0.163363 -0.064926
2.740000 -0.127758 -0.151495 -0.062832
2.745000 -0.131249 -0.142419 -0.063530
2.750000 -0.133343 -0.129852 -0.067719
2.755000 -0.135438 -0.110305 -0.069813
2.760000 -0.131249 -0.091455 -0.080983
2.765000 -0.120777 -0.077493 -0.090059
2.770000 -0.103323 -0.053756 -0.090757
2.775000 -0.067719 -0.034208 -0.090757
2.780000 -0.016057 -0.020944 -0.080983
2.785000 0.030020 -0.003491 -0.062134
2.790000 0.076096 0.006283 -0.041190
2.795000 0.122173 0.011868 -0.018151
2.800000 0.152891 0.024435 0.003491
2.805000 0.178024 0.041888 0.024435
2.810000 0.187797 0.051662 0.042586
2.815000 0.195477 0.060737 0.053756
2.820000 0.196873 0.072606 0.056549
2.825000 0.198968 0.085172 0.053058
2.830000 0.198968 0.089361 0.050964
2.835000 0.195477 0.085870 0.039095
2.840000 0.192684 0.083776 0.025133
2.845000 0.191288 0.075398 0.012566
2.850000 0.196175 0.065624 -0.001396
2.855000 0.202458 0.062134 -0.012566
2.860000 0.214326 0.057945 -0.018151
2.865000 0.212930 0.062134 -0.017453
2.870000 0.212930 0.074700 -0.004189
2.875000 0.207345 0.080285 0.006981
2.880000 0.209440 0.090757 0.019548
2.885000 0.207345 0.095644 0.031416
2.890000 0.198269 0.111701 0.050265
2.895000 0.178024 0.117984 0.067719
2.900000 0.166155 0.125664 0.083776
2.905000 0.151495 0.138928 0.099135
2.910000 0.141023 0.156382 0.113795
2.915000 0.122871 0.168948 0.127060
2.920000 0.096342 0.172439 0.129852
2.925000 0.062832 0.162665 0.129154
2.930000 0.020944 0.143117 0.122173
2.935000 -0.035605 0.109607 0.105418
2.940000 -0.081681 0.083776 0.090757
2.945000 -0.122173 0.066323 0.067021
2.950000 -0.144513 0.056549 0.043982
2.955000 -0.157778 0.059341 0.025831
2.960000 -0.155683 0.078191 0.006283
2.965000 -0.142419 0.100531 -0.012566
2.970000 -0.109607 0.120777 -0.023736
2.975000 -0.069115 0.134739 -0.026529
2.980000 -0.006981 0.147306 -0.030020
2.985000 0.042586 0.148702 -0.021642
2.990000 0.090059 0.146608 -0.009076
2.995000 0.120079 0.143815 0.000000
3.000000 0.136834 0.145910 0.000698
3.005000 0.127758 0.155683 -0.000698
3.010000 0.115192 0.176627 -0.009076
3.015000 0.104720 0.208741 -0.014661
3.020000 0.098437 0.265290 -0.017453
3.025000 0.085870 0.293215 -0.018850
3.030000 0.084474 0.313461 -0.015359
3.035000 0.080285 0.321839 -0.009774
3.040000 0.074002 0.317650 0.010472
3.045000 0.065624 0.302291 0.044680
3.050000 0.064926 0.293215 0.083776
3.055000 0.062832 0.283441 0.125664
3.060000 0.060039 0.278555 0.171042
3.065000 0.062832 0.284140 0.213628
3.070000 0.064228 0.289725 0.238063
3.075000 0.069115 0.300895 0.246440
3.080000 0.071209 0.316952 0.238063
3.085000 0.070511 0.328820 0.224100
3.090000 0.072606 0.333707 0.205251
3.095000 0.067719 0.334405 0.173835
3.100000 0.062134 0.326028 0.148702
3.105000 0.059341 0.313461 0.119381
3.110000 0.042586 0.300197 0.103323
3.115000 0.030020 0.286932 0.092852
3.120000 0.009774 0.278555 0.091455
3.125000 -0.020944 0.275064 0.094946
3.130000 -0.044680 0.271573 0.095644
3.135000 -0.069115 0.267384 0.096342
3.140000 -0.083776 0.268083 0.101229
3.145000 -0.090757 0.275762 0.103323
3.150000 -0.088663 0.279253 0.111701
3.155000 -0.073304 0.279253 0.113795
3.160000 -0.052360 0.277856 0.126362
3.165000 -0.017453 0.278555 0.135438
3.170000 0.024435 0.275762 0.145211
3.175000 0.075398 0.277856 0.149400
3.180000 0.124966 0.286932 0.153589
3.185000 0.178024 0.289027 0.156382
3.190000 0.232478 0.287630 0.147306
3.195000 0.286234 0.284140 0.125664
3.200000 0.319744 0.279951 0.104720
3.205000 0.341386 0.272271 0.080285
3.210000 0.354651 0.265988 0.058643
3.215000 0.362330 0.258309 0.035605
3.220000 0.362330 0.249931 0.015359
3.225000 0.358840 0.239459 0.004887
3.230000 0.347670 0.226195 -0.001396
3.235000 0.335801 0.206647 -0.009076
3.240000 0.315556 0.197571 -0.007679
3.245000 0.297404 0.194081 0.001396
3.250000 0.279951 0.188496 0.007679
3.255000 0.259007 0.183609 0.011868
3.260000 0.238063 0.171740 0.007679
3.265000 0.207345 0.164759 0.001396
3.270000 0.177325 0.148004 -0.009774
3.275000 0.146608 0.127758 -0.027925
3.280000 0.118682 0.105418 -0.044680
3.285000 0.095644 0.093550 -0.057945
3.290000 0.094946 0.079587 -0.063530
3.295000 0.101927 0.080983 -0.064228
3.300000 0.116588 0.083078 -0.067719
3.305000 0.132645 0.087266 -0.069813
3.310000 0.148004 0.089361 -0.063530
3.315000 0.163363 0.082380 -0.067719
3.320000 0.173137 0.074002 -0.078889
3.325000 0.182212 0.058643 -0.083078
3.330000 0.194081 0.060039 -0.078191
3.335000 0.214326 0.066323 -0.068417
3.340000 0.236667 0.078191 -0.054454
3.345000 0.254120 0.087965 -0.038397
3.350000 0.271573 0.085172 -0.023736
3.355000 0.281347 0.091455 -0.009774
3.360000 0.293215 0.099833 0.013265
3.365000 0.294612 0.095644 0.046077
3.370000 0.307876 0.086568 0.063530
3.375000 0.323933 0.094946 0.090059
3.380000 0.341386 0.107512 0.117286
3.385000 0.354651 0.109607 0.143117
3.390000 0.360934 0.104720 0.171042
3.395000 0.367217 0.089361 0.192684
3.400000 0.371406 0.060039 0.215025
3.405000 0.374199 0.018850 0.235270
3.410000 0.363727 -0.029322 0.247139
3.415000 0.334405 -0.069813 0.258309
3.420000 0.312763 -0.111701 0.265290
3.425000 0.279253 -0.155683 0.259007
3.430000 0.233176 -0.187797 0.244346
3.435000 0.191288 -0.219911 0.215723
3.440000 0.153589 -0.245044 0.193382
3.445000 0.123569 -0.247837 0.176627
3.450000 0.105418 -0.238761 0.160570
3.455000 0.087266 -0.229685 0.150796
3.460000 0.080285 -0.222704 0.142419
3.465000 0.085172 -0.215025 0.138928
3.470000 0.092852 -0.196873 0.145910
3.475000 0.110305 -0.174533 0.156382
3.480000 0.146608 -0.146608 0.177325
3.485000 0.196175 -0.110305 0.192684
3.490000 0.242950 -0.076794 0.208043
3.495000 0.286234 -0.038397 0.205949
3.500000 0.317650 -0.020246 0.180118
3.505000 0.321839 -0.015359 0.138230
3.510000 0.309272 -0.015359 0.082380
3.515000 0.279951 -0.005585 0.011170
3.520000 0.245044 0.001396 -0.065624
3.525000 0.210836 0.030020 -0.144513
3.530000 0.183609 0.067021 -0.208741
3.535000 0.166853 0.108909 -0.260403
3.540000 0.165457 0.174533 -0.293913
3.545000 0.183609 0.218515 -0.297404
3.550000 0.205949 0.253422 -0.281347
3.555000 0.222006 0.281347 -0.253422
3.560000 0.233176 0.297404 -0.210836
3.565000 0.242252 0.316952 -0.159872
3.570000 0.239459 0.339292 -0.102625
3.575000 0.229685 0.364425 -0.050265
3.580000 0.204553 0.390256 0.002793
3.585000 0.154287 0.416785 0.030020
3.590000 0.103323 0.427955 0.047473
3.595000 0.045379 0.423766 0.062832
3.600000 -0.020246 0.415388 0.072606
3.605000 -0.082380 0.409105 0.087266
3.610000 -0.128456 0.399331 0.102625
3.615000 -0.166853 0.399331 0.119381
3.620000 -0.192684 0.407011 0.129852
3.625000 -0.208741 0.397237 0.148004
3.630000 -0.223402 0.382576 0.152891
3.635000 -0.230383 0.356745 0.148004
3.640000 -0.245742 0.330914 0.139626
3.645000 -0.252026 0.302989 0.118682
3.650000 -0.259007 0.272969 0.081681
3.655000 -0.271573 0.252724 0.039095
3.660000 -0.278555 0.242252 -0.007679
3.665000 -0.282743 0.228987 -0.064228
3.670000 -0.282045 0.217817 -0.133343
3.675000 -0.267384 0.205251 -0.188496
3.680000 -0.246440 0.191288 -0.232478
3.685000 -0.220610 0.183609 -0.266686
3.690000 -0.189892 0.186401 -0.297404
3.695000 -0.143815 0.189194 -0.316952
3.700000 -0.094946 0.196873 -0.326726
3.705000 -0.044680 0.210836 -0.330216
3.710000 -0.004189 0.222704 -0.330914
3.715000 0.034907 0.228987 -0.322537
3.720000 0.056549 0.244346 -0.302291
3.725000 0.067021 0.256912 -0.282045
3.730000 0.080285 0.258309 -0.268781
3.735000 0.085870 0.262498 -0.260403
3.740000 0.080983 0.261101 -0.252724
3.745000 0.070511 0.259705 -0.249233
3.750000 0.055851 0.254120 -0.247837
3.755000 0.041888 0.252724 -0.248535
3.760000 0.027925 0.254120 -0.252724
3.765000 0.020246 0.252026 -0.254120
3.770000 0.018151 0.257611 -0.254120
3.775000 0.020944 0.256912 -0.252026
3.780000 0.027227 0.257611 -0.241554
3.785000 0.032114 0.257611 -0.235969
3.790000 0.041190 0.253422 -0.230383
3.795000 0.045379 0.249931 -0.232478
3.800000 0.041888 0.250629 -0.233176
3.805000 0.031416 0.250629 -0.238761
3.810000 0.024435 0.249931 -0.251327
3.815000 0.017453 0.254120 -0.265988
3.820000 0.011170 0.255516 -0.288328
3.825000 0.004189 0.252026 -0.303687
3.830000 0.006283 0.250629 -0.315556
3.835000 0.020246 0.256912 -0.323235
3.840000 0.044680 0.270875 -0.326726
3.845000 0.084474 0.294612 -0.322537
3.850000 0.120079 0.319046 -0.319744
3.855000 0.164061 0.339292 -0.316254
3.860000 0.208043 0.358840 -0.309970
3.865000 0.246440 0.372802 -0.305084
3.870000 0.281347 0.384671 -0.297404
3.875000 0.305084 0.398633 -0.292517
3.880000 0.316254 0.408407 -0.286932
3.885000 0.321141 0.417483 -0.284838
3.890000 0.318348 0.418181 -0.283441
3.895000 0.302291 0.423068 -0.285536
3.900000 0.285536 0.435634 -0.283441
3.905000 0.269479 0.441219 -0.280649
3.910000 0.255516 0.444012 -0.272969
3.915000 0.250629 0.449597 -0.260403
3.920000 0.253422 0.453786 -0.243648
3.925000 0.252026 0.457974 -0.223402
3.930000 0.258309 0.465654 -0.192684
3.935000 0.268781 0.469145 -0.173835
3.940000 0.272271 0.481711 -0.154287
3.945000 0.268781 0.484503 -0.151495
3.950000 0.253422 0.486598 -0.159174
3.955000 0.231780 0.499862 -0.174533
3.960000 0.206647 0.516617 -0.194081
3.965000 0.184307 0.532674 -0.212930
3.970000 0.169646 0.566883 -0.211534
3.975000 0.171042 0.638092 -0.179420
3.980000 0.187099 0.693245 -0.134041
3.985000 0.212232 0.744907 -0.076794
3.990000 0.239459 0.779813 -0.015359
3.995000 0.256912 0.791681 0.046775
4.000000 0.262498 0.782606 0.099833
4.005000 0.258309 0.762360 0.136834
4.010000 0.242252 0.745605 0.157778
4.015000 0.233176 0.732340 0.175231
4.020000 0.215025 0.738623 0.168948
4.025000 0.198968 0.744208 0.144513
4.030000 0.175231 0.741416 0.106814
4.035000 0.151495 0.733736 0.057945
4.040000 0.124966 0.710698 -0.002793
4.045000 0.091455 0.670905 -0.071209
4.050000 0.048171 0.624828 -0.139626
4.055000 0.002094 0.580846 -0.204553
4.060000 -0.037699 0.552920 -0.259705
4.065000 -0.077493 0.557807 -0.293215
4.070000 -0.080983 0.578053 -0.299498
4.075000 -0.055152 0.608073 -0.293215
4.080000 -0.009076 0.647168 -0.267384
4.085000 0.059341 0.686263 -0.213628
4.090000 0.131249 0.707207 -0.142419
4.095000 0.203156 0.710000 -0.067719
4.100000 0.267384 0.693943 0.020246
4.105000 0.328820 0.659036 0.086568
4.110000 0.349764 0.631809 0.145910
4.115000 0.339292 0.600393 0.185703
4.120000 0.299498 0.571072 0.200364
4.125000 0.245742 0.538260 0.198269
4.130000 0.171740 0.519410 0.178722
4.135000 0.086568 0.508938 0.140324
4.140000 0.002793 0.499164 0.099833
4.145000 -0.078889 0.492183 0.040492
4.150000 -0.161967 0.483805 -0.001396
4.155000 -0.217119 0.478220 -0.033510
4.160000 -0.266686 0.462163 -0.067021
4.165000 -0.305084 0.439823 -0.092153
4.170000 -0.341386 0.418181 -0.117286
4.175000 -0.370708 0.400728 -0.141721
4.180000 -0.406313 0.393048 -0.165457
4.185000 -0.433540 0.394444 -0.184307
4.190000 -0.444012 0.405615 -0.212930
4.195000 -0.446106 0.416785 -0.228987
4.200000 -0.434238 0.433540 -0.233874
4.205000 -0.416086 0.446106 -0.226893
4.210000 -0.386765 0.457974 -0.215025
4.215000 -0.341386 0.460767 -0.196873
4.220000 -0.293913 0.467050 -0.168948
4.225000 -0.241554 0.474031 -0.136834
4.230000 -0.192684 0.482409 -0.092852
4.235000 -0.130551 0.483805 -0.062832
4.240000 -0.080285 0.481711 -0.033510
4.245000 -0.028623 0.485900 -0.008378
4.250000 0.016755 0.490088 0.013963
4.255000 0.062832 0.485202 0.032114
4.260000 0.097040 0.483107 0.043284
4.265000 0.124267 0.477522 0.050964
4.270000 0.141721 0.467748 0.053756
4.275000 0.148702 0.450295 0.050265
4.280000 0.144513 0.437729 0.048869
4.285000 0.124966 0.420973 0.040492
4.290000 0.104022 0.397237 0.031416
4.295000 0.078191 0.374897 0.024435
4.300000 0.046077 0.351160 0.023038
4.305000 0.011170 0.337198 0.013265
4.310000 -0.024435 0.331613 0.004887
4.315000 -0.060039 0.325329 -0.005585
4.320000 -0.092852 0.314159 -0.019548
4.325000 -0.145211 0.302291 -0.040492
4.330000 -0.178722 0.293215 -0.059341
4.335000 -0.198269 0.275064 -0.079587
4.340000 -0.203156 0.254818 -0.102625
4.345000 -0.199666 0.242252 -0.113097
4.350000 -0.196873 0.237365 -0.119381
4.355000 -0.180118 0.235270 -0.116588
4.360000 -0.150796 0.231082 -0.103323
4.365000 -0.119381 0.227591 -0.088663
4.370000 -0.093550 0.237365 -0.085172
4.375000 -0.064926 0.245044 -0.074700
4.380000 -0.037699 0.243648 -0.064926
4.385000 -0.011170 0.245742 -0.058643
4.390000 0.014661 0.249931 -0.046775
4.395000 0.032114 0.248535 -0.035605
4.400000 0.055152 0.235270 -0.024435
4.405000 0.068417 0.229685 -0.010472
4.410000 0.076794 0.229685 0.010472
4.415000 0.086568 0.235969 0.036303
4.420000 0.104720 0.248535 0.064228
4.425000 0.126362 0.259705 0.094248
4.430000 0.148004 0.270177 0.121475
4.435000 0.166853 0.272271 0.145910
4.440000 0.183609 0.268083 0.166155
4.445000 0.187797 0.252724 0.178722
4.450000 0.176627 0.217119 0.181514
4.455000 0.138230 0.187099 0.168948
4.460000 0.093550 0.154985 0.158476
4.465000 0.050265 0.131249 0.143815
4.470000 0.000000 0.103323 0.122871
4.475000 -0.048869 0.083776 0.102625
4.480000 -0.094248 0.079587 0.091455
4.485000 -0.134041 0.093550 0.081681
4.490000 -0.164061 0.124267 0.074002
4.495000 -0.194779 0.156382 0.067719
4.500000 -0.212930 0.180816 0.070511
4.505000 -0.231780 0.198269 0.067021
4.510000 -0.248535 0.214326 0.064926
4.515000 -0.266686 0.221308 0.061436
4.520000 -0.274366 0.228289 0.061436
4.525000 -0.282045 0.241554 0.060737
4.530000 -0.280649 0.266686 0.062134
4.535000 -0.269479 0.300895 0.048171
4.540000 -0.245044 0.321141 0.030718
4.545000 -0.215723 0.346273 0.001396
4.550000 -0.180118 0.377689 -0.036303
4.555000 -0.140324 0.418879 -0.069813
4.560000 -0.092852 0.456578 -0.110305
4.565000 -0.049567 0.485900 -0.148702
4.570000 -0.004189 0.508240 -0.177325
4.575000 0.030020 0.527788 -0.186401
4.580000 0.050265 0.546637 -0.171740
4.585000 0.056549 0.556411 -0.142419
4.590000 0.053756 0.556411 -0.100531
4.595000 0.044680 0.547335 -0.053756
4.600000 0.022340 0.540354 -0.009076
4.605000 -0.019548 0.528486 0.038397
4.610000 -0.068417 0.503353 0.065624
4.615000 -0.127758 0.471239 0.084474
4.620000 -0.191288 0.432842 0.085172
4.625000 -0.262498 0.383972 0.055851
4.630000 -0.312065 0.350462 0.018850
4.635000 -0.363028 0.323933 -0.038397
4.640000 -0.403520 0.312065 -0.093550
4.645000 -0.434936 0.300197 -0.157778
4.650000 -0.455880 0.298800 -0.221308
4.655000 -0.463559 0.295310 -0.280649
4.660000 -0.461465 0.300197 -0.328122
4.665000 -0.445408 0.305782 -0.367915
4.670000 -0.413992 0.302989 -0.386765
4.675000 -0.387463 0.307178 -0.400029
4.680000 -0.359538 0.314857 -0.396539
4.685000 -0.331613 0.325329 -0.381878
4.690000 -0.308574 0.342085 -0.360934
4.695000 -0.290423 0.357443 -0.326028
4.700000 -0.272969 0.371406 -0.287630
4.705000 -0.259705 0.387463 -0.240855
4.710000 -0.246440 0.416086 -0.180816
4.715000 -0.232478 0.427257 -0.134739
4.720000 -0.221308 0.444710 -0.091455
4.725000 -0.210138 0.467050 -0.049567
4.730000 -0.201760 0.483805 -0.009774
4.735000 -0.193382 0.494975 0.018151
4.740000 -0.181514 0.501259 0.037699
4.745000 -0.171042 0.508240 0.055152
4.750000 -0.159174 0.518014 0.067021
4.755000 -0.152891 0.531278 0.064926
4.760000 -0.142419 0.534071 0.062832
4.765000 -0.134739 0.534071 0.054454
4.770000 -0.122173 0.531976 0.050265
4.775000 -0.104022 0.534071 0.043284
4.780000 -0.081681 0.534071 0.035605
4.785000 -0.055152 0.531278 0.028623
4.790000 -0.035605 0.533373 0.020246
4.795000 -0.016057 0.538260 0.012566
4.800000 0.002094 0.541750 0.009076
4.805000 0.011170 0.543146 0.004189
4.810000 0.016057 0.534769 -0.007679
4.815000 0.014661 0.521504 -0.018850
4.820000 0.012566 0.520806 -0.030718
4.825000 0.006981 0.509636 -0.034907
4.830000 -0.000698 0.505447 -0.038397
4.835000 -0.013963 0.490787 -0.050265
4.840000 -0.027925 0.477522 -0.055851
4.845000 -0.048869 0.473333 -0.060737
4.850000 -0.051662 0.473333 -0.067021
4.855000 -0.041888 0.483107 -0.067021
4.860000 -0.017453 0.499164 -0.067719
4.865000 0.016057 0.522901 -0.071209
4.870000 0.055152 0.543845 -0.077493
4.875000 0.104022 0.565487 -0.090757
4.880000 0.151495 0.584336 -0.096342
4.885000 0.189892 0.611563 -0.097738
4.890000 0.232478 0.636696 -0.088663
4.895000 0.259705 0.656942 -0.074700
4.900000 0.276460 0.675791 -0.062832
4.905000 0.287630 0.691849 -0.051662
4.910000 0.286932 0.703717 -0.027227
4.915000 0.272271 0.714189 -0.009076
4.920000 0.259007 0.728151 0.007679
4.925000 0.247139 0.733736 0.016755
4.930000 0.237365 0.731642 0.026529
4.935000 0.230383 0.735133 0.028623
4.940000 0.226893 0.730944 0.027227
4.945000 0.224798 0.725359 0.028623
4.950000 0.226893 0.726057 0.034907
4.955000 0.225497 0.720472 0.039095
4.960000 0.221308 0.710000 0.036303
4.965000 0.210836 0.702320 0.034208
4.970000 0.194081 0.696735 0.023736
4.975000 0.163363 0.692547 0.006981
4.980000 0.136834 0.684169 -0.014661
4.985000 0.106814 0.692547 -0.032114
4.990000 0.083776 0.719774 -0.044680
4.995000 0.071209 0.753982 -0.049567
5.000000 0.076096 0.804248 -0.045379
5.005000 0.093550 0.862193 -0.027925
5.010000 0.113097 0.915251 0.011170
5.015000 0.129852 0.962025 0.047473
5.020000 0.143117 0.978083 0.092153
5.025000 0.150796 0.983668 0.135438
5.030000 0.144513 0.980177 0.177325
5.035000 0.115192 0.964818 0.208043
5.040000 0.074700 0.950157 0.222704
5.045000 0.025831 0.929213 0.223402
5.050000 -0.034907 0.911062 0.210138
5.055000 -0.106116 0.897099 0.166155
5.060000 -0.185005 0.869174 0.119381
5.065000 -0.225497 0.847532 0.067021
5.070000 -0.240157 0.847532 0.009076
5.075000 -0.226195 0.861495 -0.043982
5.080000 -0.182212 0.897797 -0.091455
5.085000 -0.113097 0.932006 -0.124267
5.090000 -0.038397 0.964818 -0.141023
5.095000 0.025133 0.982969 -0.145910
5.100000 0.072606 0.976686 -0.118682
5.105000 0.099833 0.948761 -0.086568
5.110000 0.101229 0.904779 -0.049567
5.115000 0.080983 0.853815 -0.008378
5.120000 0.037001 0.811927 0.027227
5.125000 -0.025831 0.779115 0.062134
5.130000 -0.096342 0.753284 0.080285
5.135000 -0.161268 0.735831 0.082380
5.140000 -0.213628 0.713491 0.071908
5.145000 -0.253422 0.683471 0.032812
5.150000 -0.284140 0.664621 -0.007679
5.155000 -0.287630 0.651357 -0.056549
5.160000 -0.277158 0.645772 -0.097738
5.165000 -0.265988 0.642281 -0.145910
5.170000 -0.253422 0.647168 -0.188496
5.175000 -0.242252 0.656244 -0.228289
5.180000 -0.224798 0.651357 -0.268781
5.185000 -0.205949 0.647168 -0.308574
5.190000 -0.177325 0.638791 -0.326028
5.195000 -0.152193 0.645074 -0.334405
5.200000 -0.134739 0.660433 -0.330914
5.205000 -0.120777 0.681377 -0.314857
5.210000 -0.110305 0.708604 -0.295310
5.215000 -0.092852 0.732340 -0.277158
5.220000 -0.080983 0.763058 -0.248535
5.225000 -0.062134 0.784002 -0.217817
5.230000 -0.044680 0.804946 -0.180118
5.235000 -0.021642 0.819607 -0.152193
5.240000 -0.006981 0.829380 -0.117286
5.245000 0.004189 0.832173 -0.085870
5.250000 0.022340 0.830079 -0.065624
5.255000 0.037001 0.830079 -0.051662
5.260000 0.052360 0.829380 -0.038397
5.265000 0.070511 0.814022 -0.031416
5.270000 0.087266 0.797965 -0.032114
5.275000 0.102625 0.776322 -0.032812
5.280000 0.115890 0.762360 -0.044680
5.285000 0.116588 0.746303 -0.058643
5.290000 0.111003 0.726755 -0.074700
5.295000 0.101229 0.710698 -0.094248
5.300000 0.090757 0.690452 -0.113795
5.305000 0.075398 0.672999 -0.136834
5.310000 0.058643 0.653451 -0.163363
5.315000 0.040492 0.638791 -0.188496
5.320000 0.017453 0.616450 -0.219911
5.325000 0.000000 0.597601 -0.248535
5.330000 -0.014661 0.574562 -0.270177
5.335000 -0.034907 0.550128 -0.295310
5.340000 -0.054454 0.531976 -0.315556
5.345000 -0.075398 0.511032 -0.333009
5.350000 -0.099833 0.481013 -0.350462
5.355000 -0.124267 0.450993 -0.367915
5.360000 -0.149400 0.417483 -0.386765
5.365000 -0.181514 0.386067 -0.395143
5.370000 -0.202458 0.359538 -0.397237
5.375000 -0.215723 0.342783 -0.405615
5.380000 -0.222704 0.335103 -0.411898
5.385000 -0.222704 0.336499 -0.404916
5.390000 -0.216421 0.349066 -0.400728
5.395000 -0.206647 0.366519 -0.388859
5.400000 -0.185703 0.389557 -0.375595
5.405000 -0.148702 0.405615 -0.352557
5.410000 -0.094946 0.433540 -0.312065
5.415000 -0.046775 0.455880 -0.265290
5.420000 0.009076 0.476126 -0.208043
5.425000 0.067719 0.497768 -0.143815
5.430000 0.115890 0.506844 -0.060039
5.435000 0.175929 0.524297 0.035605
5.440000 0.225497 0.547335 0.117286
5.445000 0.249931 0.549430 0.179420
5.450000 0.256912 0.541750 0.250629
5.455000 0.259007 0.534071 0.282743
5.460000 0.250629 0.508938 0.299498
5.465000 0.242252 0.478918 0.312065
5.470000 0.222006 0.449597 0.315556
5.475000 0.190590 0.406313 0.300895
5.480000 0.141721 0.354651 0.277158
5.485000 0.097738 0.319046 0.257611
5.490000 0.052360 0.296008 0.234572
5.495000 0.004189 0.272271 0.215025
5.500000 -0.022340 0.262498 0.198968
5.505000 -0.037699 0.263196 0.182911
5.510000 -0.050265 0.250629 0.164759
5.515000 -0.062832 0.245044 0.149400
5.520000 -0.072606 0.259705 0.134739
5.525000 -0.079587 0.266686 0.122173
5.530000 -0.079587 0.275064 0.110305
5.535000 -0.074002 0.303687 0.083078
5.540000 -0.058643 0.333707 0.059341
5.545000 -0.037699 0.372104 0.037699
5.550000 -0.017453 0.409803 0.000698
5.555000 0.006981 0.437729 -0.043284
5.560000 0.050265 0.469843 -0.097040
5.565000 0.099135 0.513127 -0.141023
5.570000 0.152891 0.557109 -0.167552
5.575000 0.201062 0.610167 -0.173835
5.580000 0.250629 0.674395 -0.161967
5.585000 0.312763 0.710000 -0.141023
5.590000 0.336499 0.741416 -0.110305
5.595000 0.345575 0.773530 -0.072606
5.600000 0.335103 0.793776 -0.020944
5.605000 0.309970 0.807040 0.039794
5.610000 0.270875 0.803550 0.097040
5.615000 0.210836 0.794474 0.154287
5.620000 0.146608 0.772832 0.226195
5.625000 0.047473 0.740020 0.268083
5.630000 -0.051662 0.709302 0.302291
5.635000 -0.154287 0.673697 0.322537
5.640000 -0.247139 0.630413 0.326726
5.645000 -0.335801 0.587129 0.302291
5.650000 -0.411200 0.552222 0.258309
5.655000 -0.457974 0.531976 0.197571
5.660000 -0.482409 0.520108 0.120777
5.665000 -0.490088 0.506145 0.018850
5.670000 -0.470541 0.503353 -0.072606
5.675000 -0.437729 0.501957 -0.162665
5.680000 -0.389557 0.503353 -0.240855
5.685000 -0.334405 0.504051 -0.308574
5.690000 -0.279951 0.497070 -0.358142
5.695000 -0.224100 0.493579 -0.395143
5.700000 -0.177325 0.484503 -0.416086
5.705000 -0.131947 0.478220 -0.419577
5.710000 -0.089361 0.469843 -0.413294
5.715000 -0.039095 0.474730 -0.395841
5.720000 -0.006981 0.490088 -0.370708
5.725000 0.027925 0.516617 -0.341386
5.730000 0.064228 0.537561 -0.314159
5.735000 0.108210 0.562694 -0.278555
5.740000 0.147306 0.585034 -0.256912
5.745000 0.188496 0.597601 -0.242950
5.750000 0.223402 0.606676 -0.231082
5.755000 0.237365 0.624130 -0.226195
5.760000 0.242252 0.626922 -0.215723
5.765000 0.241554 0.628319 -0.207345
5.770000 0.234572 0.617847 -0.194779
5.775000 0.217119 0.617847 -0.180816
5.780000 0.191986 0.615054 -0.163363
5.785000 0.165457 0.607375 -0.154985
5.790000 0.145211 0.604582 -0.139626
5.795000 0.115192 0.594110 -0.121475
5.800000 0.089361 0.592714 -0.111701
5.805000 0.069813 0.594110 -0.104720
5.810000 0.048171 0.595506 -0.099135
5.815000 0.027925 0.598299 -0.094248
5.820000 0.007679 0.596204 -0.094946
5.825000 -0.006283 0.604582 -0.101229
5.830000 -0.010472 0.607375 -0.105418
5.835000 -0.002793 0.605978 -0.112399
5.840000 0.000000 0.600393 -0.127758
5.845000 0.015359 0.592714 -0.138928
5.850000 0.034907 0.589921 -0.157080
5.855000 0.051662 0.592714 -0.175929
5.860000 0.060039 0.597601 -0.197571
5.865000 0.060737 0.604582 -0.217119
5.870000 0.067021 0.608771 -0.231780
5.875000 0.072606 0.613658 -0.252724
5.880000 0.074002 0.613658 -0.269479
5.885000 0.080285 0.612960 -0.277856
5.890000 0.085870 0.626224 -0.277856
5.895000 0.108909 0.647168 -0.271573
5.900000 0.133343 0.673697 -0.255516
5.905000 0.165457 0.706509 -0.231082
5.910000 0.204553 0.738623 -0.206647
5.915000 0.249233 0.763756 -0.176627
5.920000 0.291819 0.784700 -0.146608
5.925000 0.328122 0.802851 -0.104720
5.930000 0.363727 0.814022 -0.080983
5.935000 0.363028 0.823795 -0.058643
5.940000 0.352557 0.819607 -0.056549
5.945000 0.330914 0.822399 -0.058643
5.950000 0.304385 0.828682 -0.071209
5.955000 0.268781 0.836362 -0.087965
5.960000 0.234572 0.846834 -0.099833
5.965000 0.199666 0.851023 -0.096342
5.970000 0.176627 0.865683 -0.077493
5.975000 0.163363 0.874061 -0.064228
5.980000 0.152891 0.869872 -0.055851
5.985000 0.146608 0.879646 -0.045379
5.990000 0.129154 0.874061 -0.043982
5.995000 0.115192 0.874061 -0.048869
6.000000 0.103323 0.874759 -0.065624
6.005000 0.091455 0.867080 -0.086568
6.010000 0.069813 0.868476 -0.109607
6.015000 0.044680 0.889420 -0.144513
6.020000 0.032114 0.912458 -0.157080
6.025000 0.032114 0.945968 -0.161268
6.030000 0.039794 0.987856 -0.153589
6.035000 0.046077 1.022763 -0.129852
6.040000 0.055152 1.046499 -0.095644
6.045000 0.040492 1.047896 -0.059341
6.050000 0.007679 1.036726 -0.016057
6.055000 -0.039095 1.004612 0.026529
6.060000 -0.110305 0.972497 0.060737
6.065000 -0.174533 0.949459 0.083078
6.070000 -0.248535 0.934798 0.092153
6.075000 -0.332311 0.926421 0.087965
6.080000 -0.403520 0.931308 0.069813
6.085000 -0.450993 0.951554 0.037001
6.090000 -0.465654 0.971799 -0.000698
6.095000 -0.452389 0.996234 -0.034208
6.100000 -0.407011 1.018574 -0.078889
6.105000 -0.327424 1.019272 -0.102625
6.110000 -0.251327 1.013687 -0.116588
6.115000 -0.183609 1.005310 -0.114494
6.120000 -0.118682 0.990649 -0.097040
6.125000 -0.062832 0.975988 -0.070511
6.130000 -0.020944 0.965516 -0.038397
6.135000 -0.000698 0.949459 -0.010472
6.140000 0.005585 0.928515 0.020246
6.145000 0.021642 0.897099 0.045379
6.150000 0.034208 0.866381 0.063530
6.155000 0.041190 0.835664 0.074700
6.160000 0.043982 0.810531 0.083776
6.165000 0.034907 0.779115 0.083078
6.170000 0.030020 0.750492 0.076096
6.175000 0.019548 0.717679 0.056549
6.180000 0.000698 0.696037 0.025831
6.185000 -0.021642 0.672999 -0.011868
6.190000 -0.040492 0.659036 -0.043982
6.195000 -0.057945 0.658338 -0.069813
6.200000 -0.080285 0.659036 -0.089361
6.205000 -0.097738 0.655546 -0.099833
6.210000 -0.113795 0.652055 -0.101229
6.215000 -0.128456 0.643677 -0.099135
6.220000 -0.146608 0.638791 -0.085870
6.225000 -0.163363 0.626224 -0.074700
6.230000 -0.175929 0.616450 -0.054454
6.235000 -0.196175 0.612262 -0.046775
6.240000 -0.205949 0.607375 -0.039095
6.245000 -0.205251 0.605978 -0.034208
6.250000 -0.198269 0.615054 -0.041190
6.255000 -0.182212 0.624130 -0.046077
6.260000 -0.154287 0.632507 -0.054454
6.265000 -0.120079 0.635998 -0.056549
6.270000 -0.078889 0.638791 -0.055152
6.275000 -0.036303 0.638092 -0.043982
6.280000 0.017453 0.626922 -0.025133
6.285000 0.053058 0.619243 0.004887
6.290000 0.083078 0.617847 0.041888
6.295000 0.105418 0.607375 0.076096
6.300000 0.127060 0.596903 0.103323
6.305000 0.135438 0.585732 0.125664
6.310000 0.138928 0.571072 0.134739
6.315000 0.133343 0.554317 0.128456
6.320000 0.118682 0.529882 0.110305
6.325000 0.104022 0.505447 0.090757
6.330000 0.088663 0.475428 0.069813
6.335000 0.067719 0.447502 0.046077
6.340000 0.044680 0.423766 0.019548
6.345000 0.018151 0.398633 0.003491
6.350000 -0.002793 0.372104 -0.011868
6.355000 -0.018151 0.353255 -0.023038
6.360000 -0.029322 0.342085 -0.023038
6.365000 -0.029322 0.332311 -0.016755
6.370000 -0.020944 0.332311 -0.010472
6.375000 -0.003491 0.328820 -0.004189
6.380000 0.014661 0.323933 0.001396
6.385000 0.029322 0.321839 0.004189
6.390000 0.043982 0.309970 0.005585
6.395000 0.055152 0.296008 0.005585
6.400000 0.060039 0.275762 -0.005585
6.405000 0.052360 0.249233 -0.017453
6.410000 0.038397 0.228987 -0.034907
6.415000 0.013963 0.221308 -0.048171
6.420000 -0.011170 0.218515 -0.062832
6.425000 -0.038397 0.214326 -0.064926
6.430000 -0.067021 0.212930 -0.060039
6.435000 -0.092153 0.198269 -0.046775
6.440000 -0.109607 0.187099 -0.034208
6.445000 -0.123569 0.180816 0.009774
6.450000 -0.126362 0.175231 0.046775
6.455000 -0.099135 0.173137 0.089361
6.460000 -0.074002 0.168948 0.132645
6.465000 -0.006283 0.178024 0.180118
6.470000 0.070511 0.189892 0.216421
6.475000 0.126362 0.197571 0.242950
6.480000 0.183609 0.209440 0.256912
6.485000 0.238063 0.205949 0.259007
6.490000 0.279951 0.185005 0.247837
6.495000 0.300895 0.155683 0.225497
6.500000 0.302291 0.108210 0.204553
6.505000 0.274366 0.064926 0.184307
6.510000 0.235969 0.013265 0.163363
6.515000 0.205251 -0.037001 0.151495
6.520000 0.172439 -0.073304 0.138928
6.525000 0.134739 -0.082380 0.136834
6.530000 0.098437 -0.078889 0.123569
6.535000 0.059341 -0.067021 0.104720
6.540000 -0.013963 -0.051662 0.089361
6.545000 -0.080285 -0.034208 0.076096
6.550000 -0.147306 -0.020246 0.066323
6.555000 -0.197571 -0.023038 0.060737
6.560000 -0.241554 -0.025831 0.065624
6.565000 -0.266686 -0.028623 0.076096
6.570000 -0.274366 -0.032114 0.092153
6.575000 -0.261799 -0.021642 0.107512
6.580000 -0.226893 -0.003491 0.117286
6.585000 -0.194081 0.022340 0.111701
6.590000 -0.143117 0.034208 0.090059
6.595000 -0.067719 0.051662 0.053058
6.600000 -0.005585 0.064926 0.006283
6.605000 0.083776 0.076096 -0.033510
6.610000 0.160570 0.100531 -0.072606
6.615000 0.202458 0.120777 -0.098437
6.620000 0.229685 0.148702 -0.119381
6.625000 0.251327 0.159174 -0.122871
6.630000 0.254120 0.158476 -0.116588
6.635000 0.255516 0.148702 -0.087965
6.640000 0.256912 0.135438 -0.053756
6.645000 0.249931 0.127060 -0.006981
6.650000 0.235969 0.120079 0.044680
6.655000 0.216421 0.104022 0.097738
6.660000 0.180816 0.085870 0.137532
6.665000 0.143815 0.063530 0.160570
6.670000 0.079587 0.037001 0.161268
6.675000 0.030718 0.005585 0.151495
6.680000 -0.017453 -0.032114 0.124267
6.685000 -0.058643 -0.067719 0.081681
6.690000 -0.092153 -0.092852 0.045379
6.695000 -0.111701 -0.113795 0.004887
6.700000 -0.117984 -0.131249 -0.032812
6.705000 -0.117984 -0.141023 -0.085870
6.710000 -0.120777 -0.139626 -0.119381
6.715000 -0.110305 -0.138230 -0.152193
6.720000 -0.094248 -0.134041 -0.175929
6.725000 -0.077493 -0.134739 -0.198968
6.730000 -0.055152 -0.137532 -0.210138
6.735000 -0.032812 -0.143815 -0.222006
6.740000 -0.004189 -0.143117 -0.226195
6.745000 0.023736 -0.150796 -0.233874
6.750000 0.050964 -0.150098 -0.247837
6.755000 0.082380 -0.131947 -0.253422
6.760000 0.111003 -0.114494 -0.255516
6.765000 0.138928 -0.095644 -0.255516
6.770000 0.167552 -0.071908 -0.256912
6.775000 0.205251 -0.051662 -0.247837
6.780000 0.238761 -0.030718 -0.238761
6.785000 0.267384 -0.009774 -0.223402
6.790000 0.296706 0.008378 -0.215025
6.795000 0.321839 0.022340 -0.193382
6.800000 0.347670 0.027925 -0.182212
6.805000 0.360934 0.035605 -0.175231
6.810000 0.354651 0.045379 -0.166853
6.815000 0.337896 0.061436 -0.155683
6.820000 0.326726 0.077493 -0.148004
6.825000 0.307178 0.098437 -0.127060
6.830000 0.286234 0.108210 -0.116588
6.835000 0.265290 0.112399 -0.106814
6.840000 0.233874 0.115890 -0.104720
6.845000 0.199666 0.111701 -0.101229
6.850000 0.161967 0.100531 -0.100531
6.855000 0.125664 0.093550 -0.104720
6.860000 0.092153 0.083776 -0.112399
6.865000 0.055152 0.078889 -0.121475
6.870000 0.018151 0.080285 -0.127060
6.875000 -0.012566 0.087266 -0.144513
6.880000 -0.042586 0.083776 -0.160570
6.885000 -0.069813 0.078889 -0.182911
6.890000 -0.076096 0.068417 -0.198269
6.895000 -0.071209 0.066323 -0.220610
6.900000 -0.060737 0.062832 -0.233176
6.905000 -0.043982 0.061436 -0.242950
6.910000 -0.020944 0.064926 -0.248535
6.915000 0.005585 0.073304 -0.255516
6.920000 0.030020 0.092153 -0.262498
6.925000 0.053058 0.122871 -0.268781
6.930000 0.085870 0.147306 -0.276460
6.935000 0.113795 0.172439 -0.289725
6.940000 0.143117 0.193382 -0.294612
6.945000 0.179420 0.203854 -0.298102
6.950000 0.208741 0.216421 -0.291819
6.955000 0.238761 0.235270 -0.278555
6.960000 0.266686 0.253422 -0.253422
6.965000 0.290423 0.268781 -0.215025
6.970000 0.299498 0.292517 -0.164061
6.975000 0.300197 0.335103 -0.120079
6.980000 0.301593 0.342783 -0.097040
6.985000 0.286932 0.334405 -0.079587
6.990000 0.248535 0.333707 -0.074700
6.995000 0.195477 0.328820 -0.074002
7.000000 0.158476 0.317650 -0.085172
7.005000 0.147306 0.305782 -0.107512
7.010000 0.149400 0.293215 -0.128456
7.015000 0.145910 0.296706 -0.126362
7.020000 0.144513 0.314857 -0.113795
7.025000 0.149400 0.335801 -0.094248
7.030000 0.159872 0.344877 -0.086568
7.035000 0.170344 0.350462 -0.077493
7.040000 0.185703 0.355349 -0.073304
7.045000 0.196873 0.360236 -0.065624
7.050000 0.194779 0.369312 -0.054454
7.055000 0.182911 0.379086 -0.034208
7.060000 0.154287 0.391652 -0.009774
7.065000 0.120777 0.404218 0.025831
7.070000 0.086568 0.427955 0.066323
7.075000 0.050964 0.452389 0.115192
7.080000 0.020246 0.481013 0.155683
7.085000 -0.004887 0.499164 0.188496
7.090000 -0.024435 0.499164 0.205251
7.095000 -0.037699 0.487296 0.204553
7.100000 -0.069115 0.456578 0.194081
7.105000 -0.111701 0.433540 0.173137
7.110000 -0.154985 0.416086 0.138928
7.115000 -0.191986 0.392350 0.101229
7.120000 -0.224100 0.372104 0.055851
7.125000 -0.251327 0.358840 0.000698
7.130000 -0.257611 0.356047 -0.043284
7.135000 -0.248535 0.365123 -0.076794
7.140000 -0.233176 0.381878 -0.106116
7.145000 -0.205251 0.405615 -0.115890
7.150000 -0.173137 0.418181 -0.113795
7.155000 -0.134041 0.416785 -0.106814
7.160000 -0.106814 0.411898 -0.081681
7.165000 -0.101229 0.400029 -0.055152
7.170000 -0.099135 0.384671 -0.028623
7.175000 -0.109607 0.379086 -0.000698
7.180000 -0.134739 0.367915 0.025831
7.185000 -0.159872 0.355349 0.057945
7.190000 -0.189194 0.339292 0.078191
7.195000 -0.203156 0.339292 0.093550
7.200000 -0.218515 0.333707 0.109607
7.205000 -0.219911 0.321141 0.117984
7.210000 -0.224100 0.301593 0.120079
7.215000 -0.223402 0.282743 0.111003
7.220000 -0.218515 0.267384 0.105418
7.225000 -0.211534 0.245044 0.087266
7.230000 -0.187797 0.217119 0.062134
7.235000 -0.173137 0.195477 0.041190
7.240000 -0.164061 0.183609 0.027227
7.245000 -0.154985 0.184307 0.017453
7.250000 -0.159872 0.185005 0.013265
7.255000 -0.164061 0.185703 0.014661
7.260000 -0.168250 0.178024 0.011868
7.265000 -0.179420 0.175231 0.015359
7.270000 -0.199666 0.169646 0.021642
7.275000 -0.223402 0.163363 0.034208
7.280000 -0.245742 0.154985 0.047473
7.285000 -0.265988 0.146608 0.063530
7.290000 -0.286234 0.138928 0.069813
7.295000 -0.306480 0.141721 0.071209
7.300000 -0.322537 0.142419 0.066323
7.305000 -0.321839 0.142419 0.054454
7.310000 -0.321141 0.142419 0.044680
7.315000 -0.303687 0.140324 0.036303
7.320000 -0.272271 0.143117 0.026529
7.325000 -0.229685 0.138230 0.026529
7.330000 -0.189194 0.140324 0.025133
7.335000 -0.145910 0.144513 0.034208
7.340000 -0.105418 0.146608 0.050265
7.345000 -0.067021 0.149400 0.072606
7.350000 -0.039095 0.152193 0.099833
7.355000 -0.020944 0.147306 0.124966
7.360000 -0.012566 0.136834 0.157778
7.365000 -0.012566 0.123569 0.180118
7.370000 -0.026529 0.115192 0.197571
7.375000 -0.040492 0.109607 0.210836
7.380000 -0.055851 0.101229 0.219213
7.385000 -0.075398 0.090059 0.217119
7.390000 -0.097040 0.080983 0.210836
7.395000 -0.108210 0.069813 0.198269
7.400000 -0.113795 0.050265 0.182212
7.405000 -0.126362 0.041190 0.171740
7.410000 -0.129852 0.037001 0.165457
7.415000 -0.137532 0.037699 0.164061
7.420000 -0.149400 0.036303 0.171740
7.425000 -0.155683 0.026529 0.178722
7.430000 -0.164061 0.025133 0.186401
7.435000 -0.173835 0.018850 0.194779
7.440000 -0.175929 0.014661 0.199666
7.445000 -0.172439 0.006981 0.201062
7.450000 -0.171740 0.006981 0.193382
7.455000 -0.164061 0.006283 0.183609
7.460000 -0.146608 0.010472 0.166853
7.465000 -0.128456 0.002793 0.152891
7.470000 -0.112399 0.000698 0.129852
7.475000 -0.096342 0.001396 0.106116
7.480000 -0.076794 0.002793 0.084474
7.485000 -0.052360 -0.001396 0.061436
7.490000 -0.025133 0.004189 0.053058
7.495000 -0.003491 0.000000 0.055152
7.500000 0.017453 -0.013265 0.069115
7.505000 0.034208 -0.024435 0.092153
7.510000 0.043982 -0.029322 0.115890
7.515000 0.050964 -0.034208 0.145211
7.520000 0.061436 -0.039095 0.175929
7.525000 0.070511 -0.032114 0.208043
7.530000 0.076096 -0.021642 0.240157
7.535000 0.080983 -0.000698 0.265988
7.540000 0.085172 0.022340 0.278555
7.545000 0.094946 0.036303 0.280649
7.550000 0.099833 0.042586 0.275762
7.555000 0.104720 0.049567 0.271573
7.560000 0.113097 0.039794 0.272969
7.565000 0.118682 0.020944 0.271573
7.570000 0.120079 -0.005585 0.268083
7.575000 0.117984 -0.026529 0.272271
7.580000 0.114494 -0.040492 0.279253
7.585000 0.106116 -0.062832 0.283441
7.590000 0.085870 -0.083776 0.283441
7.595000 0.060039 -0.099833 0.281347
7.600000 0.034208 -0.104720 0.274366
7.605000 0.006981 -0.101927 0.267384
7.610000 -0.026529 -0.099833 0.249931
7.615000 -0.060039 -0.090757 0.222704
7.620000 -0.085172 -0.074002 0.198269
7.625000 -0.134041 -0.055851 0.172439
7.630000 -0.174533 -0.031416 0.154287
7.635000 -0.187099 -0.006283 0.136834
7.640000 -0.178024 0.020944 0.131947
7.645000 -0.168948 0.052360 0.142419
7.650000 -0.154985 0.077493 0.165457
7.655000 -0.131947 0.106116 0.200364
7.660000 -0.106116 0.131947 0.244346
7.665000 -0.074700 0.162665 0.277856
7.670000 -0.038397 0.180816 0.295310
7.675000 -0.011170 0.203156 0.295310
7.680000 0.019548 0.233874 0.283441
7.685000 0.040492 0.279951 0.257611
7.690000 0.048171 0.331613 0.232478
7.695000 0.060737 0.380482 0.212930
7.700000 0.081681 0.434936 0.189194
7.705000 0.099833 0.488692 0.168250
7.710000 0.104720 0.515919 0.156382
7.715000 0.111003 0.535467 0.153589
7.720000 0.114494 0.537561 0.161268
7.725000 0.122871 0.526391 0.177325
7.730000 0.125664 0.508938 0.192684
7.735000 0.114494 0.492183 0.217119
7.740000 0.093550 0.469843 0.231082
7.745000 0.064228 0.455182 0.232478
7.750000 0.020246 0.430747 0.210138
7.755000 -0.016057 0.422370 0.178024
7.760000 -0.058643 0.420275 0.140324
7.765000 -0.090059 0.411898 0.098437
7.770000 -0.111003 0.396539 0.046775
7.775000 -0.122871 0.383274 -0.006283
7.780000 -0.113795 0.365123 -0.055851
7.785000 -0.088663 0.349066 -0.101229
7.790000 -0.050964 0.324631 -0.151495
7.795000 -0.002094 0.296706 -0.187099
7.800000 0.024435 0.282743 -0.214326
7.805000 0.053756 0.269479 -0.238761
7.810000 0.069115 0.258309 -0.254818
7.815000 0.078191 0.244346 -0.262498
7.820000 0.074700 0.230383 -0.270177
7.825000 0.064228 0.228987 -0.268781
7.830000 0.061436 0.236667 -0.262498
7.835000 0.063530 0.258309 -0.250629
7.840000 0.080983 0.283441 -0.238761
7.845000 0.121475 0.293215 -0.224798
7.850000 0.178024 0.305084 -0.212930
7.855000 0.240855 0.332311 -0.189892
7.860000 0.294612 0.360236 -0.168948
7.865000 0.346971 0.383972 -0.153589
7.870000 0.396539 0.401426 -0.155683
7.875000 0.423766 0.417483 -0.163363
7.880000 0.440521 0.453087 -0.173835
7.885000 0.433540 0.482409 -0.177325
7.890000 0.420275 0.513127 -0.178722
7.895000 0.397935 0.540354 -0.181514
7.900000 0.381878 0.570374 -0.180118
7.905000 0.370708 0.603186 -0.171740
7.910000 0.369312 0.631111 -0.157080
7.915000 0.381180 0.640885 -0.150098
7.920000 0.383274 0.647168 -0.138928
7.925000 0.375595 0.652055 -0.141721
7.930000 0.347670 0.648564 -0.153589
7.935000 0.309970 0.652055 -0.171740
7.940000 0.263196 0.659734 -0.187797
7.945000 0.213628 0.684169 -0.204553
7.950000 0.180118 0.703019 -0.221308
7.955000 0.153589 0.721868 -0.240157
7.960000 0.139626 0.732340 -0.254818
7.965000 0.137532 0.741416 -0.268781
7.970000 0.157080 0.739321 -0.275762
7.975000 0.188496 0.742812 -0.277856
7.980000 0.219213 0.740020 -0.282045
7.985000 0.251327 0.742114 -0.274366
7.990000 0.275762 0.737925 -0.268083
7.995000 0.293215 0.739321 -0.259007
8.000000 0.293913 0.747699 -0.245742
8.005000 0.275762 0.772134 -0.227591
8.010000 0.266686 0.803550 -0.225497
8.015000 0.262498 0.827286 -0.231780
8.020000 0.263196 0.853815 -0.244346
8.025000 0.278555 0.868476 -0.254120
8.030000 0.305084 0.883137 -0.260403
8.035000 0.342783 0.888024 -0.259007
8.040000 0.385369 0.891514 -0.247139
8.045000 0.423068 0.895005 -0.235270
8.050000 0.453786 0.896401 -0.208741
8.055000 0.469843 0.892212 -0.192684
8.060000 0.451691 0.897099 -0.181514
8.065000 0.421672 0.899194 -0.175231
8.070000 0.382576 0.902684 -0.178024
8.075000 0.337198 0.905477 -0.193382
8.080000 0.293913 0.904779 -0.215025
8.085000 0.261101 0.902684 -0.233874
8.090000 0.241554 0.909666 -0.249233
8.095000 0.238761 0.918043 -0.260403
8.100000 0.254818 0.925025 -0.265290
8.105000 0.262498 0.940383 -0.262498
8.110000 0.276460 0.955742 -0.252026
8.115000 0.299498 0.973196 -0.235969
8.120000 0.307876 0.981573 -0.210138
8.125000 0.318348 0.995536 -0.188496
8.130000 0.320442 1.008102 -0.168250
8.135000 0.315556 1.022763 -0.148004
8.140000 0.292517 1.031141 -0.143117
8.145000 0.275762 1.029744 -0.141023
8.150000 0.257611 1.032537 -0.150796
8.155000 0.238761 1.036726 -0.160570
8.160000 0.233874 1.038820 -0.174533
8.165000 0.232478 1.045103 -0.191288
8.170000 0.238761 1.059066 -0.205949
8.175000 0.249931 1.073028 -0.222006
8.180000 0.265988 1.087689 -0.240157
8.185000 0.303687 1.116313 -0.247139
8.190000 0.336499 1.159597 -0.245742
8.195000 0.365821 1.200088 -0.243648
8.200000 0.383972 1.223825 -0.249233
8.205000 0.393746 1.240580 -0.239459
8.210000 0.384671 1.241278 -0.223402
8.215000 0.353255 1.231504 -0.196873
8.220000 0.296706 1.214051 -0.156382
8.225000 0.222006 1.191711 -0.099135
8.230000 0.110305 1.152615 -0.060039
8.235000 0.009076 1.119105 -0.034907
8.240000 -0.090757 1.086293 -0.032114
8.245000 -0.189892 1.051386 -0.060737
8.250000 -0.279951 1.031839 -0.108909
8.255000 -0.358840 1.020669 -0.165457
8.260000 -0.415388 1.032537 -0.240157
8.265000 -0.438427 1.049990 -0.315556
8.270000 -0.427257 1.077915 -0.397935
8.275000 -0.364425 1.106539 -0.450295
8.280000 -0.289725 1.137955 -0.482409
8.285000 -0.208043 1.174956 -0.490088
8.290000 -0.117286 1.200787 -0.476824
8.295000 -0.032812 1.222429 -0.441917
8.300000 0.039095 1.239184 -0.403520
8.305000 0.089361 1.247561 -0.356047
8.310000 0.126362 1.252448 -0.293215
8.315000 0.143117 1.251750 -0.246440
8.320000 0.142419 1.238486 -0.212232
8.325000 0.133343 1.214051 -0.177325
8.330000 0.104022 1.193107 -0.145211
8.335000 0.080983 1.172163 -0.126362
8.340000 0.076096 1.135162 -0.119381
8.345000 0.083776 1.106539 -0.116588
8.350000 0.089361 1.075123 -0.121475
8.355000 0.090757 1.047896 -0.140324
8.360000 0.094248 1.021367 -0.171042
8.365000 0.087965 0.994140 -0.201760
8.370000 0.082380 0.966214 -0.231082
8.375000 0.058643 0.945968 -0.252026
8.380000 0.027227 0.932006 -0.265988
8.385000 -0.009774 0.915949 -0.268781
8.390000 -0.043982 0.900590 -0.268781
8.395000 -0.082380 0.887325 -0.263894
8.400000 -0.110305 0.871966 -0.256912
8.405000 -0.144513 0.869872 -0.249931
8.410000 -0.167552 0.862193 -0.252724
8.415000 -0.191288 0.860796 -0.254818
8.420000 -0.207345 0.866381 -0.263894
8.425000 -0.231780 0.869872 -0.275762
8.430000 -0.251327 0.877552 -0.284838
8.435000 -0.263196 0.886627 -0.298800
8.440000 -0.261101 0.899194 -0.302989
8.445000 -0.259007 0.922232 -0.296706
8.450000 -0.247837 0.930610 -0.299498
8.455000 -0.208043 0.924326 -0.298800
8.460000 -0.173835 0.929213 -0.283441
8.465000 -0.134739 0.943874 -0.260403
8.470000 -0.094248 0.956440 -0.238761
8.475000 -0.061436 0.960629 -0.219213
8.480000 -0.027227 0.967611 -0.203156
8.485000 -0.002094 0.975290 -0.191986
8.490000 0.022340 0.978083 -0.186401
8.495000 0.032812 0.980875 -0.186401
8.500000 0.030020 0.978083 -0.191986
8.505000 0.027227 0.977384 -0.200364
8.510000 0.031416 0.971101 -0.210138
8.515000 0.027925 0.964818 -0.222006
8.520000 0.020246 0.959931 -0.231780
8.525000 0.009774 0.955044 -0.235270
8.530000 0.003491 0.946667 -0.238063
8.535000 -0.001396 0.939685 -0.236667
8.540000 -0.011170 0.937591 -0.226893
8.545000 -0.011170 0.938289 -0.220610
8.550000 -0.027925 0.934798 -0.194081
8.555000 -0.043982 0.944572 -0.168948
8.560000 -0.046775 0.951554 -0.145211
8.565000 -0.044680 0.953648 -0.130551
8.570000 -0.039794 0.955742 -0.116588
8.575000 -0.028623 0.960629 -0.113097
8.580000 -0.014661 0.959931 -0.117984
8.585000 0.001396 0.964818 -0.122871
8.590000 0.008378 0.956440 -0.131249
8.595000 0.018151 0.937591 -0.144513
8.600000 0.029322 0.920138 -0.161967
8.605000 0.027227 0.899194 -0.172439
8.610000 0.023038 0.895703 -0.179420
8.615000 0.020944 0.885929 -0.180118
8.620000 0.020944 0.871268 -0.182911
8.625000 0.024435 0.866381 -0.178722
8.630000 0.029322 0.864985 -0.167552
8.635000 0.041190 0.862193 -0.157080
8.640000 0.059341 0.863589 -0.143815
8.645000 0.082380 0.868476 -0.132645
8.650000 0.100531 0.868476 -0.120079
8.655000 0.118682 0.865683 -0.104720
8.660000 0.129154 0.870570 -0.094248
8.665000 0.134041 0.881740 -0.081681
8.670000 0.143815 0.888722 -0.063530
8.675000 0.143815 0.890816 -0.050964
8.680000 0.145211 0.889420 -0.036303
8.685000 0.142419 0.894307 -0.025133
8.690000 0.139626 0.899194 -0.018151
8.695000 0.132645 0.895005 -0.009076
8.700000 0.123569 0.893609 -0.000698
8.705000 0.113097 0.891514 0.006283
8.710000 0.104022 0.885929 0.011868
8.715000 0.104720 0.878250 0.011868
8.720000 0.101927 0.869174 0.007679
8.725000 0.094946 0.866381 0.001396
8.730000 0.089361 0.876853 -0.002793
8.735000 0.090059 0.878250 -0.011170
8.740000 0.101229 0.869872 -0.016057
8.745000 0.117984 0.862891 -0.025831
8.750000 0.139626 0.868476 -0.032812
8.755000 0.164061 0.872665 -0.043982
8.760000 0.187797 0.874759 -0.046775
8.765000 0.205949 0.871966 -0.050265
8.770000 0.212232 0.881740 -0.060039
8.775000 0.213628 0.889420 -0.067719
8.780000 0.204553 0.897797 -0.073304
8.785000 0.190590 0.897099 -0.083776
8.790000 0.178024 0.895005 -0.097040
8.795000 0.161268 0.900590 -0.093550
8.800000 0.154287 0.909666 -0.080983
8.805000 0.144513 0.917345 -0.072606
8.810000 0.141721 0.922930 -0.061436
8.815000 0.149400 0.928515 -0.051662
8.820000 0.152193 0.937591 -0.053058
8.825000 0.157778 0.950157 -0.052360
8.830000 0.173137 0.956440 -0.057247
8.835000 0.196175 0.977384 -0.067719
8.840000 0.204553 0.990649 -0.071908
8.845000 0.220610 1.007404 -0.069115
8.850000 0.237365 1.022763 -0.061436
8.855000 0.254120 1.039518 -0.054454
8.860000 0.272271 1.059066 -0.037699
8.865000 0.289725 1.075821 -0.025133
8.870000 0.307178 1.089085 -0.014661
8.875000 0.321839 1.095369 -0.003491
8.880000 0.331613 1.084897 -0.002793
8.885000 0.333009 1.073727 0.009076
8.890000 0.321839 1.058368 0.014661
8.895000 0.303687 1.043009 0.029322
8.900000 0.270177 1.023461 0.048171
8.905000 0.231082 1.001121 0.058643
8.910000 0.189892 0.969705 0.065624
8.915000 0.145910 0.934798 0.065624
8.920000 0.103323 0.893609 0.043284
8.925000 0.053756 0.867080 0.009774
8.930000 0.022340 0.839154 -0.027925
8.935000 0.002094 0.819607 -0.081681
8.940000 -0.004189 0.804946 -0.136136
8.945000 0.005585 0.803550 -0.185005
8.950000 0.028623 0.802851 -0.231082
8.955000 0.067719 0.796568 -0.266686
8.960000 0.118682 0.799361 -0.302291
8.965000 0.182911 0.793078 -0.318348
8.970000 0.242252 0.795870 -0.320442
8.975000 0.304385 0.786794 -0.316952
8.980000 0.363028 0.784700 -0.298800
8.985000 0.415388 0.781209 -0.272969
8.990000 0.450993 0.767945 -0.239459
8.995000 0.481013 0.763058 -0.212930
9.000000 0.494277 0.756077 -0.182911
9.005000 0.496372 0.739321 -0.158476
9.010000 0.474730 0.723963 -0.141023
9.015000 0.448899 0.713491 -0.129852
9.020000 0.409803 0.693943 -0.131249
9.025000 0.367217 0.675093 -0.141721
9.030000 0.320442 0.666018 -0.149400
9.035000 0.275064 0.668810 -0.148702
9.040000 0.240855 0.663923 -0.158476
9.045000 0.215723 0.647168 -0.172439
9.050000 0.194779 0.635300 -0.190590
9.055000 0.169646 0.635300 -0.206647
9.060000 0.150098 0.632507 -0.226893
9.065000 0.140324 0.631809 -0.248535
9.070000 0.136834 0.631809 -0.268781
9.075000 0.136136 0.630413 -0.296008
9.080000 0.127758 0.635300 -0.314857
9.085000 0.126362 0.640885 -0.337198
9.090000 0.120079 0.644376 -0.351160
9.095000 0.106116 0.647866 -0.355349
9.100000 0.106814 0.655546 -0.358840
9.105000 0.104022 0.676490 -0.355349
9.110000 0.105418 0.696037 -0.345575
9.115000 0.121475 0.711396 -0.335103
9.120000 0.144513 0.723264 -0.326028
9.125000 0.166155 0.730246 -0.321141
9.130000 0.194779 0.737227 -0.306480
9.135000 0.229685 0.746303 -0.296008
9.140000 0.278555 0.749793 -0.287630
9.145000 0.311367 0.747699 -0.285536
9.150000 0.339292 0.753284 -0.281347
9.155000 0.357443 0.758869 -0.290423
9.160000 0.364425 0.772134 -0.297404
9.165000 0.365123 0.774228 -0.308574
9.170000 0.363028 0.773530 -0.323235
9.175000 0.357443 0.760265 -0.339990
9.180000 0.342085 0.765152 -0.353255
9.185000 0.311367 0.763058 -0.346273
9.190000 0.282045 0.754680 -0.343481
9.195000 0.256214 0.738623 -0.345575
9.200000 0.223402 0.728151 -0.341386
9.205000 0.188496 0.727453 -0.324631
9.210000 0.170344 0.711396 -0.306480
9.215000 0.159174 0.696735 -0.291121
9.220000 0.126362 0.686962 -0.280649
9.225000 0.109607 0.652055 -0.286932
9.230000 0.097040 0.639489 -0.292517
9.235000 0.083078 0.629017 -0.306480
9.240000 0.086568 0.616450 -0.316254
9.245000 0.094946 0.610865 -0.328820
9.250000 0.112399 0.609469 -0.337198
9.255000 0.138230 0.610865 -0.338594
9.260000 0.166853 0.619941 -0.335801
9.265000 0.189892 0.623432 -0.334405
9.270000 0.220610 0.626224 -0.330914
9.275000 0.243648 0.619243 -0.330914
9.280000 0.254120 0.612960 -0.328820
9.285000 0.266686 0.598299 -0.325329
9.290000 0.273668 0.573166 -0.316254
9.295000 0.272271 0.557109 -0.305084
9.300000 0.258309 0.545939 -0.284140
9.305000 0.231780 0.534071 -0.266686
9.310000 0.201062 0.524297 -0.247139
9.315000 0.155683 0.520108 -0.236667
9.320000 0.111701 0.513127 -0.233874
9.325000 0.071908 0.506145 -0.232478
9.330000 0.031416 0.484503 -0.239459
9.335000 -0.006981 0.460069 -0.253422
9.340000 -0.040492 0.448201 -0.263196
9.345000 -0.071209 0.427955 -0.261101
9.350000 -0.093550 0.406313 -0.257611
9.355000 -0.111003 0.393746 -0.247837
9.360000 -0.121475 0.388161 -0.230383
9.365000 -0.125664 0.376991 -0.213628
9.370000 -0.127060 0.361632 -0.196873
9.375000 -0.126362 0.335801 -0.182212
9.380000 -0.136136 0.309970 -0.175231
9.385000 -0.146608 0.293215 -0.175929
9.390000 -0.161967 0.283441 -0.175231
9.395000 -0.181514 0.282743 -0.180118
9.400000 -0.195477 0.280649 -0.186401
9.405000 -0.199666 0.286234 -0.189194
9.410000 -0.189892 0.297404 -0.194779
9.415000 -0.171042 0.302989 -0.194081
9.420000 -0.131249 0.298800 -0.191986
9.425000 -0.087266 0.305084 -0.189892
9.430000 -0.041190 0.312065 -0.179420
9.435000 0.012566 0.307876 -0.166853
9.440000 0.064228 0.302291 -0.152891
9.445000 0.105418 0.289027 -0.138230
9.450000 0.132645 0.272969 -0.117984
9.455000 0.149400 0.261799 -0.097738
9.460000 0.150796 0.254120 -0.074700
9.465000 0.144513 0.235969 -0.049567
9.470000 0.141023 0.210138 -0.025133
9.475000 0.126362 0.192684 -0.009774
9.480000 0.099833 0.178024 0.004189
9.485000 0.074002 0.153589 0.000698
9.490000 0.051662 0.127060 -0.010472
9.495000 0.023736 0.108909 -0.020944
9.500000 0.000698 0.092153 -0.037001
9.505000 -0.025831 0.077493 -0.053058
9.510000 -0.049567 0.055851 -0.075398
9.515000 -0.063530 0.046775 -0.084474
9.520000 -0.077493 0.041888 -0.090059
9.525000 -0.092153 0.031416 -0.098437
9.530000 -0.095644 0.019548 -0.104720
9.535000 -0.091455 0.009774 -0.108210
9.540000 -0.093550 0.005585 -0.106814
9.545000 -0.098437 -0.002094 -0.101229
9.550000 -0.104720 -0.010472 -0.101927
9.555000 -0.113097 -0.018151 -0.096342
9.560000 -0.123569 -0.028623 -0.092852
9.565000 -0.143117 -0.039095 -0.087266
9.570000 -0.154985 -0.046775 -0.076096
9.575000 -0.163363 -0.063530 -0.049567
9.580000 -0.167552 -0.068417 -0.028623
9.585000 -0.170344 -0.065624 -0.015359
9.590000 -0.166155 -0.073304 0.005585
9.595000 -0.154985 -0.060039 0.026529
9.600000 -0.138928 -0.047473 0.044680
9.605000 -0.118682 -0.039095 0.058643
9.610000 -0.092153 -0.033510 0.070511
9.615000 -0.059341 -0.021642 0.075398
9.620000 -0.012566 -0.030020 0.062832
9.625000 0.021642 -0.039794 0.048869
9.630000 0.049567 -0.050964 0.031416
9.635000 0.068417 -0.059341 0.018850
9.640000 0.076794 -0.076794 0.004189
9.645000 0.082380 -0.085172 -0.009774
9.650000 0.076794 -0.098437 -0.025133
9.655000 0.064228 -0.111003 -0.039095
9.660000 0.040492 -0.136136 -0.060737
9.665000 0.004887 -0.148702 -0.072606
9.670000 -0.030718 -0.159872 -0.083776
9.675000 -0.062134 -0.172439 -0.090757
9.680000 -0.087266 -0.180118 -0.094248
9.685000 -0.104720 -0.187099 -0.091455
9.690000 -0.120079 -0.188496 -0.082380
9.695000 -0.131249 -0.192684 -0.066323
9.700000 -0.131249 -0.198269 -0.048869
9.705000 -0.131947 -0.194081 -0.024435
9.710000 -0.124267 -0.185005 -0.003491
9.715000 -0.118682 -0.180816 0.013963
9.720000 -0.100531 -0.191288 0.019548
9.725000 -0.084474 -0.198269 0.030020
9.730000 -0.077493 -0.201062 0.038397
9.735000 -0.071209 -0.201062 0.043284
9.740000 -0.067719 -0.204553 0.053756
9.745000 -0.065624 -0.210836 0.069813
9.750000 -0.065624 -0.209440 0.090059
9.755000 -0.066323 -0.212232 0.092852
9.760000 -0.067021 -0.216421 0.097738
9.765000 -0.067021 -0.226195 0.104022
9.770000 -0.066323 -0.236667 0.109607
9.775000 -0.064926 -0.235270 0.109607
9.780000 -0.073304 -0.243648 0.111003
9.785000 -0.079587 -0.247837 0.111003
9.790000 -0.080983 -0.250629 0.110305
9.795000 -0.088663 -0.255516 0.111003
9.800000 -0.091455 -0.250629 0.119381
9.805000 -0.095644 -0.259705 0.120079
9.810000 -0.102625 -0.272969 0.115192
9.815000 -0.108210 -0.291121 0.107512
9.820000 -0.118682 -0.303687 0.100531
9.825000 -0.129154 -0.312065 0.096342
9.830000 -0.132645 -0.321141 0.092153
9.835000 -0.144513 -0.331613 0.078191
9.840000 -0.150796 -0.344877 0.060737
9.845000 -0.152891 -0.346971 0.047473
9.850000 -0.155683 -0.351858 0.041888
9.855000 -0.159872 -0.346971 0.036303
9.860000 -0.153589 -0.349764 0.039794
9.865000 -0.145910 -0.353953 0.039095
9.870000 -0.139626 -0.357443 0.039794
9.875000 -0.135438 -0.360934 0.046077
9.880000 -0.125664 -0.373500 0.050964
9.885000 -0.124267 -0.380482 0.056549
9.890000 -0.115192 -0.385369 0.063530
9.895000 -0.106814 -0.388161 0.068417
9.900000 -0.099135 -0.393746 0.080285
9.905000 -0.085172 -0.400728 0.089361
9.910000 -0.062832 -0.409105 0.108909
9.915000 -0.039095 -0.411898 0.124966
9.920000 -0.012566 -0.419577 0.139626
9.925000 0.018850 -0.428653 0.146608
9.930000 0.032812 -0.439823 0.148004
9.935000 0.036303 -0.453786 0.152193
9.940000 0.038397 -0.469145 0.154287
9.945000 0.025133 -0.479616 0.154287
9.950000 0.006981 -0.498466 0.151495
9.955000 -0.006981 -0.517316 0.154985
9.960000 -0.025831 -0.520806 0.158476
9.965000 -0.047473 -0.522901 0.167552
9.970000 -0.057247 -0.517316 0.176627
9.975000 -0.060737 -0.510334 0.189892
9.980000 -0.055152 -0.497070 0.210836
9.985000 -0.051662 -0.491485 0.223402
9.990000 -0.043284 -0.498466 0.235969
9.995000 -0.032114 -0.508938 0.240157
10.000000 -0.024435 -0.515919 0.245044
10.005000 -0.025133 -0.527089 0.238761
10.010000 -0.034907 -0.536165 0.232478
10.015000 -0.043284 -0.546637 0.230383
10.020000 -0.049567 -0.554317 0.228987
10.025000 -0.057247 -0.550826 0.233176
10.030000 -0.060737 -0.552920 0.238063
10.035000 -0.060039 -0.557807 0.228289
10.040000 -0.053756 -0.564789 0.223402
10.045000 -0.041888 -0.575261 0.217817
10.050000 -0.025133 -0.587827 0.217817
10.055000 -0.002793 -0.594808 0.221308
10.060000 0.010472 -0.596903 0.220610
10.065000 0.025133 -0.605978 0.232478
10.070000 0.036303 -0.612262 0.239459
10.075000 0.043982 -0.615752 0.254818
10.080000 0.040492 -0.624130 0.264592
10.085000 0.035605 -0.636696 0.275762
10.090000 0.027925 -0.645074 0.285536
10.095000 0.011868 -0.659036 0.293215
10.100000 0.000698 -0.668112 0.304385
10.105000 -0.011868 -0.671603 0.312763
10.110000 -0.030020 -0.679282 0.319046
10.115000 -0.043982 -0.682773 0.327424
10.120000 -0.058643 -0.685565 0.332311
10.125000 -0.064926 -0.681377 0.332311
10.130000 -0.060039 -0.676490 0.334405
10.135000 -0.048171 -0.673697 0.337896
10.140000 -0.027925 -0.684867 0.335801
10.145000 -0.009774 -0.699528 0.333009
10.150000 0.009774 -0.721170 0.328820
10.155000 0.022340 -0.733736 0.327424
10.160000 0.029322 -0.749793 0.321839
10.165000 0.027227 -0.767945 0.314857
10.170000 0.020246 -0.788889 0.305782
10.175000 0.001396 -0.807738 0.300895
10.180000 -0.014661 -0.827984 0.291819
10.185000 -0.034907 -0.835664 0.289725
10.190000 -0.042586 -0.841249 0.286932
10.195000 -0.041190 -0.848928 0.284140
10.200000 -0.033510 -0.860796 0.281347
10.205000 -0.019548 -0.858702 0.277158
10.210000 -0.001396 -0.864287 0.266686
10.215000 0.019548 -0.874061 0.252724
10.220000 0.041888 -0.882438 0.235270
10.225000 0.062832 -0.890118 0.217817
10.230000 0.069115 -0.904081 0.198968
10.235000 0.069115 -0.908967 0.183609
10.240000 0.062134 -0.906873 0.182212
10.245000 0.050964 -0.900590 0.189194
10.250000 0.036303 -0.890816 0.196175
10.255000 0.020246 -0.877552 0.201760
10.260000 0.009774 -0.869174 0.213628
10.265000 0.006981 -0.862193 0.233874
10.270000 0.006981 -0.863589 0.252724
10.275000 0.011868 -0.863589 0.268781
10.280000 0.019548 -0.867778 0.280649
10.285000 0.023038 -0.873363 0.293215
10.290000 0.019548 -0.871966 0.300895
10.295000 0.010472 -0.871966 0.306480
10.300000 -0.007679 -0.869872 0.303687
10.305000 -0.032812 -0.871268 0.293913
10.310000 -0.061436 -0.883137 0.280649
10.315000 -0.094248 -0.890816 0.259705
10.320000 -0.117984 -0.897099 0.241554
10.325000 -0.131947 -0.908269 0.235270
10.330000 -0.145211 -0.911760 0.226893
10.335000 -0.152193 -0.911760 0.224798
10.340000 -0.143117 -0.914553 0.231082
10.345000 -0.132645 -0.914553 0.232478
10.350000 -0.122173 -0.915949 0.243648
10.355000 -0.122173 -0.915949 0.248535
10.360000 -0.128456 -0.914553 0.249931
10.365000 -0.133343 -0.911760 0.254818
10.370000 -0.145211 -0.908269 0.261799
10.375000 -0.147306 -0.904081 0.259705
10.380000 -0.147306 -0.904779 0.252026
10.385000 -0.145211 -0.907571 0.244346
10.390000 -0.136136 -0.910364 0.235969
10.395000 -0.125664 -0.915251 0.225497
10.400000 -0.113795 -0.915251 0.226893
10.405000 -0.101229 -0.914553 0.229685
10.410000 -0.092153 -0.913156 0.232478
10.415000 -0.085172 -0.910364 0.235270
10.420000 -0.074002 -0.913854 0.239459
10.425000 -0.066323 -0.913156 0.242252
10.430000 -0.060039 -0.908967 0.242252
10.435000 -0.047473 -0.910364 0.242950
10.440000 -0.038397 -0.908967 0.238761
10.445000 -0.031416 -0.902684 0.235270
10.450000 -0.026529 -0.895703 0.232478
10.455000 -0.016755 -0.886627 0.232478
10.460000 0.002793 -0.885231 0.222006
10.465000 0.020944 -0.887325 0.214326
10.470000 0.037699 -0.886627 0.204553
10.475000 0.053058 -0.876155 0.199666
10.480000 0.060737 -0.869872 0.192684
10.485000 0.068417 -0.854513 0.190590
10.490000 0.076096 -0.853117 0.182212
10.495000 0.077493 -0.850324 0.175929
10.500000 0.068417 -0.847532 0.172439
10.505000 0.060039 -0.851721 0.168250
10.510000 0.052360 -0.855909 0.164759
10.515000 0.046775 -0.860098 0.166155
10.520000 0.040492 -0.853815 0.159174
10.525000 0.027925 -0.846834 0.149400
10.530000 0.005585 -0.841947 0.139626
10.535000 -0.011170 -0.844739 0.118682
10.540000 -0.030020 -0.853815 0.096342
10.545000 -0.050265 -0.868476 0.074700
10.550000 -0.072606 -0.889420 0.048869
10.555000 -0.092153 -0.907571 0.027227
10.560000 -0.104022 -0.909666 0.002094
10.565000 -0.113097 -0.911760 -0.016755
10.570000 -0.119381 -0.913156 -0.043982
10.575000 -0.117286 -0.910364 -0.068417
10.580000 -0.113795 -0.901288 -0.097738
10.585000 -0.107512 -0.890118 -0.121475
10.590000 -0.102625 -0.875457 -0.148004
10.595000 -0.101229 -0.856608 -0.176627
10.600000 -0.097040 -0.850324 -0.202458
10.605000 -0.092153 -0.844041 -0.205251
10.610000 -0.097738 -0.820305 -0.199666
10.615000 -0.099135 -0.805644 -0.196175
10.620000 -0.107512 -0.797266 -0.195477
10.625000 -0.125664 -0.777719 -0.182911
10.630000 -0.146608 -0.750492 -0.175231
10.635000 -0.160570 -0.730246 -0.168948
10.640000 -0.171042 -0.707207 -0.169646
10.645000 -0.189194 -0.690452 -0.171042
10.650000 -0.208043 -0.676490 -0.171042
10.655000 -0.228289 -0.652055 -0.161268
10.660000 -0.263196 -0.622035 -0.155683
10.665000 -0.289027 -0.601790 -0.150098
10.670000 -0.309970 -0.573166 -0.148702
10.675000 -0.333009 -0.542448 -0.148004
10.680000 -0.367915 -0.508240 -0.144513
10.685000 -0.401426 -0.471937 -0.142419
10.690000 -0.419577 -0.438427 -0.141023
10.695000 -0.420973 -0.411898 -0.130551
10.700000 -0.412596 -0.390954 -0.118682
10.705000 -0.381878 -0.367217 -0.104022
10.710000 -0.347670 -0.338594 -0.081681
10.715000 -0.317650 -0.310669 -0.060039
10.720000 -0.284838 -0.273668 -0.027925
10.725000 -0.279253 -0.240855 -0.011170
10.730000 -0.256912 -0.227591 0.018850
10.735000 -0.213628 -0.203854 0.044680
10.740000 -0.214326 -0.186401 0.087965
10.745000 -0.227591 -0.159872 0.106814
10.750000 -0.235270 -0.153589 0.113097
10.755000 -0.238761 -0.153589 0.103323
10.760000 -0.233874 -0.151495 0.080285
10.765000 -0.224798 -0.157778 0.058643
10.770000 -0.212930 -0.156382 0.042586
10.775000 -0.201760 -0.154985 0.023736
10.780000 -0.181514 -0.152891 0.005585
10.785000 -0.154985 -0.162665 -0.013963
10.790000 -0.109607 -0.169646 -0.027925
10.795000 -0.074700 -0.172439 -0.034907
10.800000 -0.046775 -0.176627 -0.034907
10.805000 -0.018151 -0.179420 -0.038397
10.810000 0.011868 -0.189194 -0.044680
10.815000 0.034208 -0.197571 -0.051662
10.820000 0.052360 -0.198968 -0.062134
10.825000 0.068417 -0.198269 -0.078889
10.830000 0.069813 -0.197571 -0.097738
10.835000 0.059341 -0.192684 -0.108909
10.840000 0.047473 -0.185005 -0.120777
10.845000 0.043284 -0.170344 -0.124267
10.850000 0.030020 -0.152891 -0.134041
10.855000 0.017453 -0.141721 -0.134041
10.860000 0.003491 -0.128456 -0.128456
10.865000 -0.014661 -0.119381 -0.126362
10.870000 -0.028623 -0.113097 -0.118682
10.875000 -0.053756 -0.113097 -0.113097
10.880000 -0.083776 -0.108909 -0.104720
10.885000 -0.098437 -0.098437 -0.101927
10.890000 -0.125664 -0.084474 -0.103323
10.895000 -0.143117 -0.060737 -0.104720
10.900000 -0.132645 -0.046077 -0.117984
10.905000 -0.123569 -0.046775 -0.124267
10.910000 -0.120079 -0.021642 -0.120777
10.915000 -0.101927 -0.004189 -0.115890
10.920000 -0.067719 0.007679 -0.109607
10.925000 -0.038397 0.018151 -0.104022
10.930000 -0.023736 0.024435 -0.094946
10.935000 -0.010472 0.025831 -0.083078
10.940000 -0.005585 0.022340 -0.069115
10.945000 -0.008378 0.015359 -0.050964
10.950000 -0.013963 0.010472 -0.033510
10.955000 -0.018151 0.011868 -0.027227
10.960000 -0.016057 0.014661 -0.020944
10.965000 -0.027925 0.024435 -0.016755
10.970000 -0.036303 0.026529 -0.013963
10.975000 -0.028623 0.028623 -0.020944
10.980000 -0.020246 0.027227 -0.038397
10.985000 -0.009076 0.031416 -0.053058
10.990000 0.002094 0.030020 -0.067021
10.995000 0.020944 0.027925 -0.077493
11.000000 0.043284 0.022340 -0.087965
11.005000 0.065624 0.017453 -0.086568
11.010000 0.087266 0.017453 -0.073304
11.015000 0.097738 0.016755 -0.055851
11.020000 0.104022 0.009774 -0.040492
11.025000 0.115192 0.001396 -0.025831
11.030000 0.114494 -0.006981 -0.011170
11.035000 0.113795 -0.005585 0.004887
11.040000 0.112399 0.002094 0.014661
11.045000 0.109607 0.009774 0.013963
11.050000 0.099135 0.020944 0.001396
11.055000 0.087965 0.027925 -0.004189
11.060000 0.080983 0.034208 -0.014661
11.065000 0.070511 0.048171 -0.026529
11.070000 0.067021 0.061436 -0.033510
11.075000 0.063530 0.074700 -0.037001
11.080000 0.069115 0.086568 -0.043284
11.085000 0.078191 0.104022 -0.048869
11.090000 0.087965 0.120079 -0.046077
11.095000 0.111701 0.124966 -0.033510
11.100000 0.124267 0.132645 -0.028623
11.105000 0.141023 0.129852 -0.013265
11.110000 0.149400 0.138928 0.006283
11.115000 0.152891 0.141721 0.023736
11.120000 0.148702 0.145910 0.055851
11.125000 0.133343 0.161268 0.087266
11.130000 0.114494 0.181514 0.120777
11.135000 0.099833 0.208043 0.133343
11.140000 0.084474 0.224100 0.127060
11.145000 0.073304 0.237365 0.113097
