0.000000 0.000000 0.000000 0.000000 0.000000 -0.000000 0.000000
0.050000 0.000065 0.000035 -0.000019 0.000031 -0.000086 0.000042
0.100000 0.000312 0.000127 -0.000108 0.000028 -0.000089 0.000014
0.150000 0.000697 0.000327 -0.000252 0.000118 -0.000142 -0.000000
0.200000 0.000330 0.000137 -0.000176 -0.000038 -0.000021 0.000079
0.250000 0.000398 0.000092 -0.000043 -0.000026 -0.000064 0.000058
0.300000 0.000313 0.000107 -0.000093 0.000045 0.000019 0.000034
0.350000 0.000304 0.000164 -0.000105 0.000044 0.000024 0.000080
0.400000 0.000320 0.000134 -0.000051 -0.000015 -0.000057 0.000093
0.450000 0.000372 0.000110 -0.000020 0.000033 -0.000114 0.000071
0.500000 0.000323 0.000116 -0.000077 0.000018 -0.000032 0.000024
0.550000 0.000295 0.000116 -0.000073 -0.000020 -0.000095 0.000066
0.600000 0.000236 0.000140 -0.000015 -0.000057 -0.000052 0.000044
0.650000 0.000272 0.000177 -0.000067 0.000012 0.000022 0.000041
0.700000 0.000287 0.000133 -0.000122 -0.000074 -0.000036 0.000082
0.750000 0.000297 0.000120 -0.000114 0.000017 -0.000006 0.000121
0.800000 0.000377 0.000085 -0.000083 0.000065 -0.000042 -0.000012
0.850000 0.000329 0.000108 -0.000068 -0.000031 0.000059 -0.000018
0.900000 0.000273 0.000127 -0.000087 0.000017 0.000086 0.000082
0.950000 0.000350 0.000145 -0.000033 -0.000032 -0.000075 0.000059
1.000000 0.000379 0.000148 -0.000141 -0.000007 -0.000079 0.000050
1.050000 0.000353 0.000121 -0.000082 0.000042 -0.000046 0.000149
1.100000 0.000304 0.000183 -0.000022 0.000033 0.000003 0.000059
1.150000 0.000297 0.000170 -0.000087 -0.000015 -0.000028 0.000068
1.200000 0.000278 0.000080 -0.000090 0.000018 0.000018 0.000035
1.250000 0.000320 0.000109 -0.000030 -0.000025 -0.000003 0.000060
1.300000 0.000377 0.000150 -0.000017 0.000035 0.000040 0.000111
1.350000 0.000364 0.000134 -0.000029 0.000007 -0.000028 0.000072
1.400000 0.000286 0.000159 -0.000069 0.000046 0.000024 0.000017
1.450000 0.000297 0.000138 -0.000048 0.000010 -0.000049 0.000081
1.500000 0.000248 0.000069 -0.000078 -0.000025 0.000017 0.000259
1.550000 0.000436 0.000289 0.000107 0.000046 -0.000068 -0.001390
1.600000 0.000572 0.000561 -0.000664 -0.000243 0.000733 0.000227
1.650000 0.000473 -0.000564 0.000210 0.000046 0.004385 0.001557
1.700000 0.000257 0.000027 0.000725 -0.001105 0.008256 0.000053
1.750000 0.000210 0.000152 0.000006 -0.001379 0.010495 -0.000287
1.800000 -0.000010 0.000071 -0.000249 -0.001404 0.010818 -0.000292
1.850000 -0.000071 0.000129 0.000219 -0.001444 0.010851 -0.000086
1.900000 0.000164 0.000111 0.000050 -0.001432 0.010797 0.000342
1.950000 0.000422 0.000112 0.000324 -0.001409 0.010824 -0.000161
2.000000 0.000116 0.000078 0.000174 -0.001431 0.011133 -0.000019
2.050000 -0.000044 0.000130 0.000174 -0.001449 0.011008 0.000064
2.100000 -0.000062 0.000080 0.000102 -0.001394 0.011106 0.000037
2.150000 0.000077 0.000108 0.000183 -0.001393 0.011059 0.000008
2.200000 0.000532 0.000037 0.000095 -0.002721 0.019380 0.000896
2.250000 0.001424 0.000277 0.001460 -0.005624 0.037455 -0.002348
2.300000 0.000481 0.000110 0.002507 -0.006934 0.045876 -0.001047
2.350000 0.001015 0.000150 0.002189 -0.007283 0.046640 -0.000948
2.400000 0.001540 0.000169 0.002045 -0.007457 0.061219 -0.000065
2.450000 0.001354 0.000195 0.003055 -0.011021 0.075670 -0.004328
2.500000 0.001234 0.000043 0.005053 -0.011725 0.081992 -0.003569
2.550000 0.002197 0.000187 0.005712 -0.013987 0.088017 -0.004510
2.600000 0.002688 0.000495 0.005272 -0.014823 0.090550 -0.004507
2.650000 0.001331 0.000460 0.005681 -0.013292 0.093486 -0.001078
2.700000 0.003679 -0.000171 0.004193 -0.011922 0.092991 0.000285
2.750000 0.003949 -0.000124 0.003092 -0.012239 0.090165 -0.001823
2.800000 0.003251 0.000138 0.005165 -0.012928 0.087951 -0.005535
2.850000 0.004476 -0.000253 0.005881 -0.024146 0.075452 -0.018300
2.900000 0.005869 -0.001733 0.006159 -0.033668 0.059050 -0.019886
2.950000 0.004491 -0.002299 0.006432 -0.017215 0.050918 0.002615
3.000000 0.004750 -0.004345 0.002026 -0.010250 0.040014 0.035664
3.050000 0.003071 -0.007975 -0.005051 -0.012633 0.018711 0.060871
3.100000 0.002129 -0.012478 -0.010660 -0.011718 0.000172 0.072501
3.150000 -0.000777 -0.022299 -0.009329 -0.013859 -0.016324 0.084044
3.200000 -0.008210 -0.029390 -0.010853 -0.010827 -0.032873 0.085990
3.250000 -0.015555 -0.037066 -0.010777 -0.006116 -0.047846 0.089980
3.300000 -0.023203 -0.045339 -0.011005 -0.001464 -0.061839 0.094151
3.350000 -0.031718 -0.053180 -0.013413 -0.004186 -0.075761 0.094138
3.400000 -0.038111 -0.060521 -0.014188 -0.007498 -0.090168 0.092085
3.450000 -0.044842 -0.066984 -0.015191 -0.012672 -0.099966 0.095409
3.500000 -0.049820 -0.073570 -0.019329 -0.010708 -0.104086 0.096544
3.550000 -0.057145 -0.072210 -0.023538 -0.005793 -0.101820 0.091039
3.600000 -0.066246 -0.072942 -0.028455 -0.010893 -0.099174 0.085825
3.650000 -0.071733 -0.076614 -0.031887 -0.014436 -0.094143 0.085598
3.700000 -0.077754 -0.085156 -0.036879 -0.019567 -0.090866 0.080272
3.750000 -0.080257 -0.091990 -0.040632 -0.019778 -0.083451 0.072464
3.800000 -0.081618 -0.096337 -0.042402 -0.025189 -0.079326 0.065444
3.850000 -0.082887 -0.099672 -0.043406 -0.037113 -0.082505 0.061916
3.900000 -0.085702 -0.100113 -0.045559 -0.047640 -0.085671 0.058304
3.950000 -0.087040 -0.104872 -0.045896 -0.052929 -0.083779 0.052645
4.000000 -0.087734 -0.110511 -0.046401 -0.054057 -0.081097 0.050781
4.050000 -0.090483 -0.116521 -0.048619 -0.059931 -0.078148 0.046922
4.100000 -0.090579 -0.120236 -0.049300 -0.060262 -0.069607 0.042956
4.150000 -0.088208 -0.120184 -0.048696 -0.063703 -0.060181 0.036053
4.200000 -0.085978 -0.124422 -0.048205 -0.066438 -0.046731 0.029277
4.250000 -0.084232 -0.128908 -0.046248 -0.060754 -0.030250 0.020272
4.300000 -0.083467 -0.132583 -0.045767 -0.060565 -0.014821 0.016568
4.350000 -0.084362 -0.137211 -0.045749 -0.067022 -0.008456 0.008741
4.400000 -0.084469 -0.140011 -0.046144 -0.074389 -0.002036 0.005665
4.450000 -0.083747 -0.144493 -0.047806 -0.076973 0.009486 0.003897
4.500000 -0.082517 -0.151628 -0.047811 -0.079339 0.023755 0.005399
4.550000 -0.085620 -0.163473 -0.047050 -0.085386 0.037196 0.004476
4.600000 -0.087257 -0.176244 -0.045820 -0.098262 0.043884 -0.001491
4.650000 -0.089863 -0.188873 -0.043472 -0.117714 0.044387 -0.010030
4.700000 -0.089791 -0.200430 -0.038697 -0.128671 0.042317 -0.023032
4.750000 -0.090412 -0.214458 -0.033446 -0.134597 0.040806 -0.038679
4.800000 -0.089221 -0.230584 -0.026220 -0.138146 0.037846 -0.060933
4.850000 -0.089505 -0.253386 -0.014863 -0.140565 0.031794 -0.052681
4.900000 -0.093591 -0.275499 -0.009224 -0.135306 0.029581 -0.035315
4.950000 -0.095265 -0.293339 -0.004174 -0.121334 0.029834 -0.022908
5.000000 -0.101880 -0.316978 -0.000957 -0.106549 0.028042 -0.017814
5.050000 -0.108311 -0.337683 0.003819 -0.069556 0.032328 -0.009057
5.100000 -0.113381 -0.361240 0.011304 -0.052108 0.032323 -0.008313
5.150000 -0.116843 -0.386011 0.013789 -0.046382 0.036468 -0.012277
5.200000 -0.118813 -0.412732 0.019349 -0.054876 0.038699 -0.019266
5.250000 -0.120280 -0.426118 0.021192 -0.056836 0.042862 -0.019566
5.300000 -0.124987 -0.451315 0.024276 -0.055261 0.049599 -0.010115
5.350000 -0.129799 -0.476317 0.021837 -0.052028 0.059471 0.000759
5.400000 -0.133502 -0.502276 0.017173 -0.040809 0.067581 0.014880
5.450000 -0.140371 -0.533061 0.012544 -0.037339 0.075684 0.037595
5.500000 -0.149862 -0.562678 0.000682 -0.034364 0.085976 0.064388
5.550000 -0.160059 -0.587705 -0.006752 -0.032209 0.101664 0.088617
5.600000 -0.173579 -0.614640 -0.017972 -0.034211 0.127625 0.102899
5.650000 -0.189032 -0.639479 -0.032516 -0.037181 0.158819 0.119214
5.700000 -0.208191 -0.658895 -0.050601 -0.046111 0.188846 0.128029
5.750000 -0.230716 -0.673425 -0.064432 -0.049027 0.213289 0.127523
5.800000 -0.259676 -0.682813 -0.078062 -0.057214 0.226706 0.138462
5.850000 -0.290193 -0.684176 -0.082770 -0.076386 0.230931 0.136416
5.900000 -0.319405 -0.684872 -0.087994 -0.081791 0.227988 0.134441
5.950000 -0.350868 -0.664691 -0.089758 -0.093577 0.216659 0.132209
6.000000 -0.385278 -0.644583 -0.091242 -0.106697 0.201388 0.122041
6.050000 -0.422157 -0.608281 -0.092991 -0.110313 0.183322 0.119156
6.100000 -0.462941 -0.551888 -0.088979 -0.110450 0.160554 0.121865
6.150000 -0.513025 -0.457527 -0.084279 -0.115330 0.129230 0.134841
6.200000 -0.562407 -0.326351 -0.080445 -0.117762 0.091004 0.152957
6.250000 -0.594490 -0.196347 -0.070931 -0.115635 0.049579 0.157922
6.300000 -0.637218 -0.081925 -0.067213 -0.112592 0.012070 0.153712
6.350000 -0.673867 0.019515 -0.066934 -0.108294 -0.019487 0.146693
6.400000 -0.710178 0.123253 -0.065221 -0.113480 -0.044537 0.140235
6.450000 -0.744526 0.226939 -0.067473 -0.112229 -0.063476 0.134277
6.500000 -0.776294 0.328567 -0.067597 -0.108657 -0.076269 0.133685
6.550000 -0.810564 0.429146 -0.072633 -0.102967 -0.086535 0.133115
6.600000 -0.844532 0.531253 -0.071278 -0.098795 -0.094205 0.129845
6.650000 -0.879745 0.633072 -0.065130 -0.096882 -0.099928 0.128167
6.700000 -0.908946 0.733541 -0.062375 -0.086691 -0.101878 0.121050
6.750000 -0.938194 0.836109 -0.058517 -0.077952 -0.100999 0.121333
6.800000 -0.971213 0.935306 -0.060256 -0.072913 -0.099222 0.112531
6.850000 -0.982109 1.040774 -0.060598 -0.071160 -0.088432 0.120138
6.900000 -0.982465 1.138284 -0.057631 -0.072231 -0.080805 0.114830
6.950000 -0.990753 1.228362 -0.060309 -0.064824 -0.067384 0.121296
7.000000 -0.999505 1.319309 -0.071326 -0.066875 -0.055792 0.125476
7.050000 -1.008281 1.413834 -0.078589 -0.067957 -0.035701 0.136467
7.100000 -1.023038 1.511658 -0.096633 -0.069506 -0.017855 0.146876
7.150000 -1.031722 1.602908 -0.113341 -0.066830 -0.008704 0.144385
7.200000 -1.040804 1.692778 -0.125822 -0.064526 0.002663 0.143893
7.250000 -1.049895 1.784071 -0.143366 -0.067622 0.016701 0.145669
7.300000 -1.063164 1.875030 -0.148805 -0.061316 0.030960 0.147079
7.350000 -1.081664 1.963365 -0.161953 -0.060409 0.041541 0.148383
7.400000 -1.102472 2.050605 -0.176035 -0.060719 0.052040 0.157365
7.450000 -1.128726 2.141857 -0.185481 -0.061182 0.058107 0.157736
7.500000 -1.150736 2.225921 -0.189499 -0.065979 0.066066 0.157915
7.550000 -1.181658 2.305475 -0.194824 -0.070896 0.066754 0.158473
7.600000 -1.207912 2.388070 -0.198903 -0.075765 0.062097 0.151165
7.650000 -1.243628 2.470019 -0.213690 -0.071287 0.058511 0.145419
7.700000 -1.272625 2.559992 -0.225368 -0.068874 0.050213 0.148905
7.750000 -1.305359 2.661365 -0.235164 -0.072594 0.033840 0.151035
7.800000 -1.346474 2.766118 -0.264590 -0.076040 0.010032 0.149957
